10930
573
39
4401
11230
5967
932
3017
3851
7952
4105
346
4308
6498
3837
2495
7217
8997
1457
3978
10126
5547
11285
5727
5479
5279
10000
4040
12263
971
7934
5404
6821
11786
1201
6473
8456
8823
11723
5264
2927
6027
4581
10074
1634
2435
4706
9935
11462
12394
5893
6292
12481
7717
2882
12642
10572
1825
7469
3160
2554
5900
7523
3194
9026
4794
8419
8028
1327
10959
9764
3881
5958
9255
210
12613
4898
651
10786
8303
5070
3316
7073
1744
1739
1743
10913
8027
4048
8640
484
10688
7068
1688
398
12656
2559
908
2760
2473
592
1250
9479
2109
9520
5221
12683
4607
5653
7300
12603
12438
5584
3834
764
12627
582
3859
10811
4693
6956
8850
8237
1650
10697
4403
6786
5292
4028
2021
9809
2771
12609
3429
5909
5566
4420
2471
9967
9269
4999
5336
10662
8781
1427
9599
2856
1275
12718
2620
9853
9583
9261
10335
9870
7318
8523
1369
740
5225
1188
2287
1665
1720
9714
2452
10676
10761
2036
8657
2820
10737
4759
10500
2861
2189
9943
1697
5425
10327
8852
7174
7464
9992
10449
5952
8765
4189
6307
1621
6935
3891
248
7890
10372
1983
562
6213
5324
12421
4924
11377
914
9194
10689
7515
2128
2380
4004
11210
1839
862
7672
8471
11857
9737
1320
5434
4395
2392
3902
180
11614
9282
10546
6196
3473
6149
7259
12601
6662
1399
3082
3984
2596
3896
11368
10709
11495
6174
10043
1210
1740
7113
4553
12315
900
3649
5257
7281
12546
6959
4325
5444
2769
1434
92
10610
10664
2323
2342
11454
4508
11798
9453
12065
5224
5359
2325
6310
9886
2963
1084
5814
11321
8516
2009
3251
9225
5787
5643
5514
8382
3501
1396
1430
5654
8289
408
5460
3776
6380
6464
9613
10178
8446
7472
11813
7306
7422
8405
12409
10296
11039
7172
3006
833
11117
5226
4754
10628
7947
3312
2303
1368
1421
7918
8805
819
8223
6631
3469
9572
2184
3919
330
2167
1285
5616
8981
4007
10390
1091
9726
73
9824
5795
11862
6321
10715
3387
291
8071
11611
1530
6147
41
4540
11683
11508
7899
2405
318
8977
9095
2420
4398
8121
11384
11013
3328
6412
3098
7050
2119
7416
9396
10588
8336
8881
2742
6029
1347
11635
85
11274
6338
2319
2483
4682
3860
6730
1035
10976
10547
7541
9257
7510
2012
7322
7799
12644
6552
12375
11541
61
3379
7836
8819
10103
2055
7797
3833
10113
10317
12152
2995
2751
12381
1950
9626
10773
898
12241
6077
958
7735
9983
1513
12391
465
11936
3488
1479
6557
9673
7889
868
4047
6176
7290
3323
12331
12291
6444
3547
11482
2701
9450
6870
2837
3463
3079
4104
8769
4688
10414
4974
4629
3244
9173
5761
2389
1945
12694
7765
9189
5778
12028
1111
4847
9246
8153
5902
5473
8959
5263
7234
6904
1783
7159
1489
1807
4148
10210
7606
1272
12531
1219
3656
3595
8430
11380
1713
4851
7586
8047
8985
1493
7458
6373
1118
2127
2301
10657
3116
10503
2069
7754
10275
6853
3421
543
9878
410
3474
12305
10985
9725
6084
2320
11744
2444
11392
3290
5700
10510
3441
7879
2474
1786
2221
12276
5769
733
7220
4049
4843
6794
6596
3447
11022
2884
3305
3090
9570
7505
6275
7791
5716
7100
9029
11140
6598
12722
10029
7905
12178
9514
11546
6779
6216
5589
5922
9407
7375
9999
11618
902
8542
11852
1793
1692
4352
7171
8035
493
8953
4622
6334
6861
11356
2993
1978
9070
6214
4094
7445
7603
150
11924
6252
8764
12431
8600
3898
10088
1923
6357
438
7443
9734
1614
2974
7195
3015
708
6601
11143
2864
4641
3060
6554
756
3611
5344
11538
1090
35
2981
2512
4429
11535
3366
6161
4344
8046
7420
5090
4074
428
7387
12333
9981
3997
7219
8380
5544
2619
5174
5484
11173
9507
1061
4918
9188
4868
8142
4455
7120
4896
1432
8757
8618
5219
4365
704
7944
3684
9415
2459
10064
6449
608
2507
11466
2935
5424
8317
3222
10086
7366
6377
7038
11956
8536
12527
5114
758
6556
11991
7413
5489
10814
12660
6384
8106
11339
399
930
10750
7608
542
10499
4807
4526
10211
9317
1418
10431
2344
5306
11832
10023
10993
1459
367
1393
7874
8628
4099
8055
5957
6693
2019
7324
1670
5640
63
4730
5504
134
5863
11780
5503
9381
2714
3813
5802
799
6435
7893
696
427
12347
7685
8239
8938
2477
5664
3559
3975
5382
2611
1255
7292
4118
10110
3942
4193
676
10263
7325
8713
7748
3070
3944
12177
12050
10412
8624
3822
4929
8614
11342
5372
10090
10671
12468
4718
12086
6223
11184
6975
2608
2124
12524
5646
10379
9733
11759
5466
11154
8822
4819
0
5924
2589
10702
2807
9287
9611
6092
5636
6888
5676
8664
10378
2929
6800
12467
10694
2351
10650
5186
8396
8630
2388
5045
2919
2484
5123
216
12712
8610
3540
5107
866
5940
43
17
7076
9835
1883
2453
8496
10648
10783
3804
8129
10413
9445
5903
12494
11863
7868
259
11696
9585
7176
2238
532
9551
4269
10765
9150
11554
10853
11699
7501
11289
3708
8136
577
11850
10120
6641
3448
7709
761
9770
796
12110
4190
5020
5117
10642
10838
1941
12697
5333
7498
12371
4962
2615
8372
7249
8171
9606
11597
1041
6312
2456
10149
2536
2664
960
5363
4948
7487
883
5762
11687
8265
6110
2201
8511
5538
8715
9512
11785
2487
10539
8572
2498
8167
9152
9384
1160
4089
8650
10236
12193
2154
6205
6756
9839
4111
12443
9434
3026
10667
1147
5746
8371
8913
5140
12462
4030
8000
4303
12615
8225
5461
2952
12607
1501
10824
10746
11602
3314
10501
10803
8494
5163
6529
10487
8845
9573
4822
5239
8761
3910
9285
9711
12014
7371
3800
9657
4397
1472
5405
5009
5502
10634
8118
11292
3492
2210
578
1511
10564
3651
2798
8401
414
5933
4112
5025
6064
426
621
2094
4165
8541
265
8794
7712
6997
4731
3585
9680
7782
8902
2088
12302
2142
4106
7556
1082
1671
10383
6070
6532
1971
3204
2924
694
10900
10836
9049
3601
12095
10545
2391
4490
11037
10480
11152
8830
9993
9027
11429
8117
12003
1463
9639
6586
6887
9713
2216
3038
11102
10333
10584
3014
4418
6874
7844
8158
2046
9239
1254
952
6597
10044
6577
6333
11472
1718
12205
10039
8732
6201
9191
3425
3027
6245
2688
8184
3418
1056
1146
2859
1937
5024
1031
11878
6946
10889
3068
4233
96
2239
5905
10862
3948
1042
7768
1592
8201
3529
12404
12379
6803
8742
12574
3
9052
10977
10432
3143
2655
6018
439
8375
10066
5770
12352
2980
8726
88
4149
8109
9038
274
1281
5597
3912
6369
7257
5610
8898
5431
8395
11378
415
8440
2250
10885
7877
710
10779
9023
407
10359
10497
11437
11172
12550
8825
8685
4707
3616
2906
8247
10717
1523
3838
1110
10474
1406
7228
3643
6311
6363
10234
3013
6875
11752
633
5883
12674
2168
12317
6957
131
12042
8692
10041
774
12681
10540
1631
2333
4288
469
4953
11642
11664
3989
6086
3678
7578
12751
563
1905
5389
3780
10013
1576
2865
6400
3128
3635
5426
79
7252
8426
2372
5430
3894
7998
11406
6648
4026
10855
11322
7706
1904
10121
7766
1851
4680
7931
3455
10479
11962
1145
9567
9460
8832
9906
8839
852
1494
7134
5803
2464
11682
8829
1805
2288
12528
5812
7293
188
1123
4925
5639
9128
6225
1594
7699
4501
500
8745
9258
7460
9021
2231
6515
11510
590
4894
5822
12580
9880
2075
12361
3495
4168
11770
777
6346
2347
5245
1194
8693
10827
10830
2304
11112
9615
9457
1113
7769
7649
7900
10228
9195
3988
9563
10796
8084
565
11524
1803
5996
7571
1642
6385
12682
4351
2582
7095
46
1149
5211
12005
8454
765
6605
5061
1566
8869
12397
6671
9757
7779
7077
9525
11678
12647
1011
11576
8349
10045
5411
5195
6739
2998
4328
5851
8507
7198
11213
4442
10826
10619
7959
10935
4860
3353
1345
1444
3846
3688
6717
7834
2422
80
6128
7439
335
3621
6954
8876
1572
8730
11048
879
6192
10895
1509
1896
5173
7475
4889
6827
1845
111
472
12025
6062
7646
7391
5561
12075
10611
1183
10260
5577
4643
11625
2108
2996
10391
11496
12493
4667
4129
3772
9366
10337
3694
3647
4792
3751
11225
4952
10931
7910
5496
11124
5272
5044
1193
45
976
11737
3088
1578
5687
5438
9210
1584
5852
6745
10886
6624
7631
2754
8126
11667
315
10940
4901
7370
9961
9427
1624
6067
9855
5872
10170
9145
4484
5218
7065
1071
9864
10323
8009
2404
10593
10973
409
9481
37
6482
576
7602
5145
12620
713
7037
3578
1087
4093
2335
5354
4046
9806
1454
8500
8062
3887
881
1710
4618
8677
5632
5318
3210
2245
3016
8532
5725
6847
11024
7478
9494
239
7954
3000
11412
1597
7508
1097
394
12261
1901
9791
11502
1180
6504
1911
3468
8344
2214
12006
5380
8060
6101
3315
4838
4923
10793
3669
11256
6074
11277
1691
9698
4828
123
11860
1952
12412
6512
8301
6817
3120
5965
2932
2973
906
5337
11833
11610
6085
4407
8890
3753
12711
1891
3299
5098
7624
295
1046
7600
11221
2955
1785
9803
286
4722
4513
1758
4810
1284
3527
5651
10776
7590
7085
8596
4791
9096
9377
549
3115
10760
11208
5120
8978
4793
12358
12519
4954
10427
2586
4253
11542
10080
7671
4885
5196
4649
5494
2377
10463
6921
5129
9628
7981
5960
3599
9290
9416
5118
3652
10328
2585
1303
7740
6343
7268
5927
7968
3207
11364
12413
11784
10027
8718
1613
10567
6698
3233
12415
3166
6485
8962
4122
5517
467
3571
9383
5748
11892
3274
106
6083
6282
2638
11560
11264
11688
11940
411
6561
9763
4202
11536
2900
9217
5773
9659
5580
1503
10626
5635
11421
7335
4184
4655
10083
3562
1862
3702
9630
5453
2360
5022
9002
2133
8280
2406
29
4653
5034
2801
6867
5790
4520
568
9229
6107
3528
1245
4191
6253
1458
1943
1835
316
108
11160
8762
6414
6258
9746
9589
7760
9068
11886
12485
8042
7882
10277
2678
4991
10673
2715
4381
5437
7636
5267
8221
3231
8947
7953
973
4584
9413
7753
6746
6657
10856
6679
1374
6452
3842
7837
11559
9357
4604
7456
12314
10
7007
3958
11389
1426
10309
6840
10180
718
6286
12623
9288
11802
5013
735
5358
4864
323
4333
2140
7401
11566
909
2627
5095
496
9736
7696
5992
8763
9271
1206
11729
6408
5153
10295
1195
6705
7087
11265
7210
5709
9441
6399
12240
288
5980
12338
10728
4367
10316
7169
388
836
9392
4023
280
3063
10772
5440
6948
3111
1112
5756
10978
11865
10481
1034
5836
4605
267
4960
1598
4342
7639
9740
3658
4100
3785
8290
5568
3048
5824
11416
1379
10089
10054
416
11807
7840
1962
620
1703
7103
7802
3941
11235
4959
10974
4549
11814
2516
10999
9798
5931
9807
1190
9712
6790
4721
11509
8449
7553
9603
3844
9799
1506
12500
11049
5058
5912
11283
11861
12445
7533
794
730
8057
6798
7118
10366
10519
2626
4436
11275
1745
4073
5210
5079
12452
2709
5192
3437
2675
1199
10289
6496
3461
6105
6920
12570
1889
5948
4902
12360
32
6418
10848
9176
1336
3703
11519
12677
3413
9129
1610
939
6179
7492
7707
7728
9420
745
8030
1486
2877
605
1741
9298
1533
2651
10208
6672
4519
3002
1821
6664
1330
10387
4502
957
2110
4217
12299
3130
7386
9867
12544
1660
1026
7341
3375
1247
11341
9578
655
623
762
9251
10725
4194
2199
6832
5612
4772
11175
7825
11084
9748
6378
7822
3378
1405
2625
7346
11483
3467
10143
3884
2928
1746
8099
2873
6517
11995
2457
4767
6757
76
7642
7110
12372
8570
2698
5562
7277
11178
5681
2260
1775
3872
7990
93
5735
8688
5657
5230
12643
4740
714
3181
1076
9069
8137
3352
2015
7741
1885
6551
5050
6188
6567
7838
4015
1488
5749
9345
8515
4156
5397
2759
6302
3721
1437
1233
10556
185
8251
4881
6926
2465
12330
10943
2067
1297
8128
6472
7607
449
3546
2960
8422
6325
4176
5015
12604
381
4012
1155
4393
5775
5888
1728
11958
8968
9159
2425
2727
5579
9266
1253
11838
11409
12351
2503
5572
10469
10665
8288
10061
6392
4315
1612
4139
2191
1729
12127
12227
4338
4031
7188
4676
7663
530
9133
11360
5896
12486
10833
10638
11396
11810
12565
8892
12480
6076
9836
11584
5665
6237
144
7053
5304
4096
7771
2755
2492
3139
11179
6906
9995
3955
3272
10861
8940
4313
2889
11585
3445
788
3433
7074
5419
2676
8744
12281
2030
12619
4115
9694
4878
3889
4192
5418
431
10892
1780
6550
7958
11725
9501
349
3386
6417
3349
2909
7551
42
3574
10131
981
2312
11180
4220
6104
9012
12138
5821
9035
4201
12254
5743
11316
6240
10719
4003
11836
916
6627
7267
7811
9669
1616
2846
12165
9020
9048
7535
8776
1833
3909
4874
7187
9219
9161
8250
9192
782
591
1156
1536
4640
10542
12548
8261
7194
11845
2401
6729
3573
8257
11847
2152
8414
5169
4833
7042
5478
2947
8069
11927
9368
2816
5467
7229
3717
5312
6702
12686
8489
4457
3592
8330
9443
5357
3023
6319
3279
6335
1731
11203
12143
8127
12278
1870
2804
5537
2211
12693
6000
9375
3133
168
6499
7955
8008
9863
9577
4256
12433
5809
2107
5820
9707
9666
3034
4238
4097
7625
567
7453
3286
10244
2367
8355
11521
11077
5339
440
2018
10749
8982
10446
4743
10312
11401
12008
11021
5477
8379
1224
6421
2592
3247
2753
6271
12072
5689
2691
36
12153
4400
7945
2249
7265
4329
6277
4716
7500
12040
7903
11953
12197
3399
4170
11793
3781
11896
1360
8877
6330
7772
3282
486
9430
6109
10762
9171
5908
8464
2286
637
9393
12533
9818
5932
3238
7773
7459
11241
6180
7589
12726
4265
6649
4083
8513
167
1915
3745
7596
9304
12680
11133
10025
5711
801
3464
2138
12234
3886
742
7046
6021
9471
4410
4684
5937
3691
11779
11926
3442
4720
4347
6193
2847
3487
9929
2478
715
2957
3921
5099
6834
7089
5042
12268
4862
5322
2089
3963
9289
5371
8777
4614
1834
9019
11707
10091
10705
9303
5688
8274
7105
10223
7200
2485
6075
5970
12605
3946
1886
3003
23
3524
9354
8166
7173
10031
1309
8827
6372
3475
789
4341
11646
5268
10155
9536
6030
3219
6590
2514
11424
9401
8965
9355
10730
5128
4123
9102
1957
9535
12657
10851
9231
10644
9729
8364
1395
9590
8145
6181
3707
12687
10068
12273
7354
8231
10291
6386
1226
8594
9889
5384
12507
4077
5532
12756
8861
7645
10894
4521
9483
1310
10596
712
11799
8956
7581
6768
7621
4738
11300
1822
7801
1315
3914
6826
9629
11167
2315
2826
7756
7383
2595
10153
1339
3264
8816
738
5470
965
252
3995
11920
2098
5936
6301
3196
3671
872
6259
5943
9784
5381
12013
8324
4250
6572
10981
5019
10128
10509
4580
10507
6224
11014
7593
10660
9928
4768
10381
10456
7441
12516
447
11237
56
3412
5531
2855
4504
2986
476
3755
10319
11273
4829
7803
8001
4489
10888
6153
10057
6625
750
11186
6167
5391
376
2458
12685
6951
9265
9121
2188
8999
6119
11693
12744
10881
8660
9635
5862
9919
2400
5369
3544
4679
11917
9113
5582
12158
8888
9980
10005
5914
12745
11893
227
6203
2317
4043
9406
11445
5920
2648
1508
6703
11907
1684
499
7612
1699
1877
11746
513
10905
5848
4128
2704
820
7745
12327
9972
9985
11672
2448
474
6443
4359
4320
6431
6604
9480
2916
4147
8568
480
11434
7670
6025
2577
9939
11545
6175
12264
9819
5740
6208
9466
7070
1596
5465
12392
1349
4209
8791
12461
3777
9455
2922
9802
3434
12458
7810
1606
4710
12472
3031
2762
12543
4639
7305
10017
3148
3685
4808
3602
1659
6608
11499
10006
10494
3660
1446
4475
1020
705
4630
1866
10111
11934
12652
2122
10218
2574
10310
1921
3614
2956
3773
7690
7530
3742
10315
6775
1419
3424
1103
5331
9741
2025
594
1558
9970
5147
4972
10902
3523
12142
8534
10879
3400
2058
12353
4035
4091
4982
10769
12233
2652
11526
4279
9448
6032
9792
8369
535
10042
292
2836
7995
5046
9854
2870
9249
7983
10517
11946
5180
6844
4832
12359
1318
2730
7482
6177
6387
11068
8299
7425
5412
11085
6148
11630
2546
2228
6537
6714
9756
5385
3284
10270
6125
4292
4989
3728
356
12672
11075
11985
4237
10620
10154
837
6407
266
7242
8205
2006
4387
4983
9247
2362
10483
5829
5407
10498
9329
4608
511
2899
1890
3465
8178
8298
157
7948
127
6061
3184
1441
8207
6202
7516
8197
2748
11530
10192
8986
11176
9533
6210
3061
10163
10198
6341
12402
1057
1963
3125
6695
6752
5739
1127
7412
10923
10059
12055
4638
10159
8786
10245
12451
8928
1543
3263
11710
11015
3509
8316
2268
6096
12141
8240
5706
132
7711
12157
9974
603
7251
6878
3704
9071
393
12526
4162
7582
7534
6902
9936
11387
3928
11422
5030
7356
11054
9043
4981
181
6463
2277
9808
3234
7635
7414
4984
9644
4337
401
6913
8710
9034
9783
3403
7474
3883
11732
9320
4562
8005
7656
2423
6759
5049
6113
8309
10241
9724
4226
11029
5403
809
9388
2650
10598
12638
9934
12226
3620
1702
6912
3650
5563
12250
9211
10768
3370
11979
5096
4985
7615
10691
6058
8313
8687
4890
664
9075
7090
10845
3347
1568
462
743
222
9201
3994
6666
625
10983
7362
10217
7702
6886
11806
456
10240
12393
2621
8774
4419
7862
8670
1760
842
11200
10823
5587
2902
8506
9055
9522
6933
5335
4696
10559
3431
12016
7201
11108
6440
12270
5733
7886
11382
8889
11889
9117
368
10692
3593
1415
6020
12648
11055
10846
5804
1721
6879
4060
12295
1824
11748
5125
11754
7775
3232
1918
9186
1569
6454
347
1242
5298
9640
4561
12637
4782
11204
4691
8585
4671
7884
6850
10587
12222
11335
11370
9044
1222
12664
2134
7080
5871
7976
509
8916
11921
748
1259
1888
711
11641
5712
12017
7503
3329
3293
6350
10065
4412
11103
8552
104
1794
2386
4665
12417
1658
212
7484
12020
1359
334
6014
3110
792
233
6393
1064
209
9758
12671
8323
4339
2413
7732
5508
9862
8663
871
1263
1618
2414
5792
1220
1765
4477
9755
11371
2001
6918
7233
7727
3582
2523
8097
8406
3078
7940
8279
9751
5993
7847
2165
617
12378
9356
4498
6398
8722
7914
11826
12505
2004
12196
3047
11294
10747
7467
10491
3095
5353
3285
5964
7885
5844
1313
5082
8607
12069
2903
5781
3333
3053
9462
6620
2269
9895
8690
8482
7744
8975
4708
8331
10586
2114
5278
8276
4454
2602
7598
8910
7107
11386
520
8922
10534
11115
6950
1092
4783
6461
10972
3771
1109
1038
6964
20
7049
12166
934
7275
11518
12136
1726
9840
11071
1737
4672
561
8658
11762
10122
1162
6930
8531
5032
1527
5614
2930
58
6743
11351
10876
2291
8439
10941
12038
8090
9849
1649
6607
2724
7794
6255
6051
12122
4742
6684
6778
3870
5006
12131
2907
11439
3538
7388
4415
8758
12058
1817
12460
3949
337
2072
11044
8974
11399
3513
2815
12301
11531
10602
10403
766
3782
5652
1144
10425
2510
5360
2273
8972
6108
9648
5629
6260
8724
12390
1672
6699
10168
4055
7820
1808
2275
3761
6123
10306
8404
2045
8756
9706
1295
6391
3952
4764
4317
10419
444
858
4439
841
5066
6492
9851
994
11692
7150
1554
8149
11745
12015
11840
10081
2513
2835
7689
2233
3050
9915
400
10834
10075
5601
1023
3298
6480
9066
10010
6558
5623
9892
10437
4080
803
1550
1009
7985
2737
648
11391
2862
10334
7058
550
9586
6931
211
10661
6415
6458
7261
3543
6187
1438
2515
2868
2434
9281
9085
5834
1314
7654
6270
3979
12
818
2784
11035
453
9390
12367
1656
3457
4785
11141
10033
11063
2908
12386
940
4870
6323
9838
12187
9664
8075
11782
4921
1400
30
3677
6961
6273
11971
12256
7044
1108
9761
12154
3229
5723
7865
11212
3319
9385
7497
10612
11217
6545
7224
5362
9545
1563
4634
7205
3071
9933
10686
4474
5361
10466
9554
4779
7272
9718
8514
12584
4601
11073
4975
11758
2213
9313
6560
10799
4850
2111
5935
12470
8387
7250
4446
11520
9584
5545
6802
10242
8694
8051
355
1429
6429
9022
9228
7733
332
9230
11390
4224
964
120
5981
10891
3281
2370
2544
8169
8273
2885
8550
2178
6858
5528
5500
3123
10741
1544
5513
12134
12396
5605
9591
10951
945
4550
11376
6329
12198
12145
1675
7824
1561
5526
5677
4541
6877
1095
9090
3287
10551
7781
2605
1392
5062
11028
752
7912
3737
12483
10890
3215
7180
6306
1777
4113
1770
10868
7708
3022
4228
3012
11639
7149
4619
9387
4900
7864
527
9750
11698
4264
4262
6041
1919
701
4755
7795
9952
7051
10105
1298
8241
1352
2926
9923
1287
12036
10450
6908
6618
3697
2013
7924
4373
12174
9001
6347
2147
11131
7936
6367
7015
8603
6366
8215
8528
9182
12088
810
8048
2073
8886
9621
9372
885
1477
1790
5899
2008
9065
682
3895
5886
6814
5386
57
6758
2399
7826
12283
4126
6866
10124
1468
1416
7872
2358
7749
5202
10875
11615
8193
4525
4610
6535
10292
3869
12239
10980
4830
7767
11325
10052
4674
1055
2281
9500
5492
1924
9605
11514
1075
1115
3936
3533
11577
460
3032
4207
11355
1452
2149
319
8269
1922
8864
11324
6011
10303
6178
2129
5805
10477
9311
2509
1052
10329
8760
4067
1456
5972
361
12591
3145
11361
6434
10193
8885
9213
8390
540
12662
10800
7091
11504
754
12566
2003
2542
6436
11272
5847
4271
100
4766
7532
601
11366
12635
8086
1044
9893
1557
1487
8955
11726
11622
2115
8983
618
7406
10444
11527
3396
1600
12600
8935
1615
1752
6669
7965
2083
8779
9162
8077
7496
12210
675
2545
7111
11153
3999
12117
175
9039
3609
10007
3787
5165
2225
7942
6575
1126
6117
6568
2441
1322
1603
4210
9946
10982
4065
1294
11923
9059
12599
4071
1507
1559
6044
12109
5220
10398
11070
1836
1354
7033
5527
11595
4844
4723
6497
4032
7613
6742
6152
9248
11354
8602
2251
1025
9947
12634
5865
5100
3397
313
636
6478
8079
10580
5028
10284
5910
2970
8526
10736
3885
12426
9858
4771
12116
9139
5040
12395
10530
6639
9982
1840
11590
6876
3673
6423
11040
4698
12728
3320
2272
11978
4254
4773
8589
8034
847
5497
8095
9318
6427
5414
4597
1417
7831
3848
604
6576
2078
8263
2311
8840
4343
7060
1982
4466
199
485
3270
4724
2823
4551
3245
4453
8700
6023
3749
2202
6072
10416
2794
5270
10436
8814
524
8957
947
9859
10118
1280
122
4366
10101
5747
2302
11498
9602
1005
3460
12621
9569
11450
3055
3566
5130
2132
6952
10471
7915
229
6958
4001
12542
12513
7454
3007
11731
4587
4221
11743
7428
7055
2750
7132
5692
4376
2944
10363
2718
7592
7780
6315
6808
12432
7139
4161
10871
10191
6522
10502
7039
11196
11290
4867
6728
1017
5771
5549
8176
1928
350
6830
11916
9607
7417
2500
6571
8204
564
1582
2175
10265
12734
3933
2707
12602
6433
3535
6536
8216
7632
3739
11442
821
2063
8617
81
8416
11808
2697
831
4574
3826
7289
2833
8444
11853
7435
48
12616
11347
7839
12195
5522
9597
4095
2689
12594
5151
4845
7146
2373
8206
2758
11691
11843
6159
10116
3880
10243
5379
4934
11700
8177
7276
3945
10078
2164
2886
5702
9234
516
9953
7677
172
639
5519
7048
5065
1143
9187
9244
10678
1832
8272
6922
3686
9684
7199
4537
10872
8222
834
2486
9548
8300
7859
11742
11240
7637
6114
65
7680
11791
8672
2024
8236
354
6632
4762
6735
11874
10384
12150
5421
4568
3127
6500
309
5234
7964
11970
11623
4354
8466
11513
3587
5250
2583
8806
2770
4812
10683
8689
5087
6425
5171
3209
7627
3905
7028
12274
11556
6991
2379
8897
7816
4169
10928
3428
4421
1101
6810
12753
12168
3250
4409
4140
3557
9994
118
2022
4598
10938
5620
11050
6227
9423
5227
6475
4681
5003
11012
5928
4273
12663
87
9976
3382
8451
10224
403
12420
3350
10621
7601
9004
2241
12341
9632
8370
1027
12384
12588
2436
6428
8621
1278
8013
11319
5157
1425
5027
5281
7477
1502
12430
10925
10458
5950
10944
678
8882
5265
8773
7653
5053
7298
6422
1070
11257
2480
10601
3392
1099
7308
9901
418
7894
7704
1947
3336
2299
7393
10455
12477
208
8185
9294
6520
12398
528
5329
779
722
12709
7974
1860
11146
12200
10802
11565
1992
2332
8287
10615
6389
3459
5524
7819
7584
12162
4518
11149
5138
6494
12708
257
9723
9656
10986
10197
8132
3625
702
3189
503
11242
2556
848
2248
372
5317
5303
4052
3937
12625
4076
997
4332
5998
1176
12363
551
4840
4372
3497
5858
10385
12508
7720
5176
8480
8339
8124
8747
693
2533
5011
3443
982
5800
12007
4222
91
2266
9148
5835
7975
12120
261
3337
10022
12492
7476
445
5111
3555
2194
7315
7757
2867
2526
12063
6069
10132
1168
4144
5149
84
3149
7203
880
7591
6162
7235
1467
11977
10964
7633
4326
4044
12275
4137
3039
8101
11278
9813
579
5236
8951
9395
7433
11563
2467
4157
6523
413
402
4428
2084
3057
10330
164
11372
4302
8285
9542
3317
10229
3934
1847
1334
9812
753
3064
6691
706
3491
4573
9256
5491
3151
11932
3799
4022
1074
10809
11604
3438
9938
11395
8481
2429
246
3815
8450
3632
10097
2262
2246
835
5064
432
10707
1173
12037
4656
5289
8327
8565
250
7525
12487
12563
11057
5828
3407
2729
12633
7072
433
11603
9671
11593
7925
12399
10942
9534
4002
4753
1332
8388
9379
5990
1443
10285
11326
4310
4899
6050
11730
7338
10077
7506
2569
9137
4277
3666
9426
2446
9473
3657
10298
3172
1223
7520
4166
544
1204
11844
6860
11612
2637
12357
8108
10609
6984
11118
877
10351
196
12436
3383
4379
11307
11467
2997
12587
2571
12049
11002
11952
12223
4969
4711
4163
5611
6194
9593
2682
9451
2508
8318
1510
4314
7855
5356
1244
6037
10623
11238
4121
4995
9254
6112
7364
8351
5262
254
7191
4511
7558
5159
10753
759
5481
654
5297
5288
2892
3401
1420
3044
2830
8629
328
8668
253
11488
5323
6606
4377
5092
5377
3019
3029
2636
8014
7319
3018
2945
3659
9033
7946
6661
2663
5378
6170
1362
6189
5533
3481
12290
9362
11199
10806
8064
6505
7666
8637
2880
3381
10675
1302
6824
4957
4836
7376
8054
12529
8159
942
10410
3235
3257
9668
9456
176
435
5701
308
1565
3964
2135
9292
11193
4977
7969
10443
595
7248
4625
5332
10822
10543
10603
2623
4572
9682
11669
231
179
737
12265
8354
9353
3865
8304
109
5705
6345
1321
1995
6939
10183
6720
6200
800
10533
2086
5501
11313
69
5367
5682
11606
8642
5170
1680
377
1469
2603
4181
9295
6880
9912
12062
4505
9841
4230
3091
2726
477
1329
2283
3732
12308
7013
751
11997
9775
7926
873
6479
8347
12267
4564
1545
739
10919
2683
10402
9438
5121
8485
3518
5813
2354
10766
11722
773
5785
11236
5200
10096
641
12406
7499
6700
3203
4309
5204
865
5516
8156
12209
8015
12618
8052
7809
8583
962
11170
10722
10388
8937
6383
3309
2166
363
3723
2825
6682
3597
4726
546
2940
471
1641
6978
3338
11461
1172
7785
5273
5825
10956
10259
7448
11796
9871
10909
1410
8049
6495
6053
9502
2694
815
2131
1797
4575
5190
3122
5365
7211
4275
11803
3089
7743
12098
12739
8144
5253
237
1532
12011
6234
3410
2831
11617
1535
3879
5302
10837
10605
1299
5499
8797
11195
1480
2793
11087
12482
5091
2329
10537
6134
7524
6678
3661
555
4825
1163
5680
8114
4715
397
9920
2506
11219
12423
11484
7442
7917
8709
723
300
10712
11697
4294
10724
4185
7067
9275
12549
3142
8462
10461
3205
4955
4582
11553
12214
7349
7930
10036
1152
1212
4503
10476
12382
5894
9307
5427
7854
10767
665
11490
642
11789
3767
4272
6127
786
2857
3202
9848
9241
4187
11263
10581
4824
2905
4626
6298
996
6883
9830
11557
5523
10104
156
8400
3085
8950
1552
8229
11468
8270
3795
495
6818
2321
6955
10420
151
11329
9703
7207
8725
1738
3001
11308
8107
12541
11481
11189
2883
3720
11232
10880
12632
5471
6459
8248
2276
4823
4704
4461
343
9898
4136
10569
6872
8296
2223
4196
2584
7303
8856
5081
12232
11110
11656
4734
10119
1465
4593
2234
9321
3903
5840
283
11818
6143
10936
8768
12173
4151
5938
12335
12053
8909
2121
6066
5012
5859
9837
6769
3161
2630
7937
10857
12661
11441
1203
10272
616
1926
3114
2641
11433
2562
6673
2728
5728
9349
10127
12473
2126
8023
10513
7540
8072
805
4694
11834
9025
7302
3140
4280
5338
10770
566
9918
547
26
8076
3918
4486
7336
5398
11207
10693
1221
8141
2548
12081
437
10166
10794
10599
1861
2699
10835
7567
2481
11489
11709
2706
7144
326
5135
5325
2499
1004
12191
6914
7337
4011
11403
534
3770
3960
9620
585
10508
8878
7223
5799
10144
10485
491
6243
9403
7798
7019
7688
10018
3548
6962
1916
3185
6248
1910
4034
6916
1133
8302
11736
2518
9174
1317
4368
121
9778
2449
7895
5662
6080
7063
2601
1522
3484
2173
3283
4554
3605
11106
9987
9679
11568
3768
7746
8740
4038
3502
1407
4631
6755
12701
4935
7963
12558
6848
2579
6765
3269
12192
1867
5550
6836
12646
6734
2521
8180
1820
9414
51
3888
5187
10175
3577
4565
8282
7320
10504
11760
1858
3779
12163
4961
8165
12129
8031
12724
11768
5198
12679
425
4284
8679
7104
228
8332
2741
5137
11156
7726
6727
8735
2921
6001
5718
8703
5583
10751
3653
7444
6688
1128
11216
2331
2208
11941
11345
6862
3153
7246
10003
9332
12258
4990
2374
1632
7966
2298
11119
4252
9305
2721
9747
6825
8059
7209
1736
6291
9469
5736
8696
12545
5094
2640
6884
11169
7481
8604
10370
2550
6903
9861
938
10649
11299
12713
12407
4852
2644
11147
3165
3639
5069
6889
4487
2061
4645
12247
2812
11968
12702
12336
12501
2549
8998
9727
7800
9214
4174
8579
11166
1024
4848
9286
11353
1951
8122
351
10182
7881
5480
10020
4797
7225
3662
8192
4657
8802
3150
7784
11004
4813
12060
5969
8994
5143
2939
7774
4510
1340
11955
1391
11609
12188
9910
9293
7921
7181
6146
1583
1412
12285
11162
2256
9458
11129
7012
2212
5603
2622
11890
6004
5417
4938
9327
3624
6977
4267
12303
463
1754
6762
11076
5638
10345
7078
8183
378
3106
4803
1335
11222
12370
2716
8146
12090
5446
8759
7897
8255
1811
6322
8140
10987
1894
9422
11315
9948
8243
6221
7363
1189
5194
8539
11761
10565
3454
8420
7127
6526
6630
11884
9601
8799
9517
4613
3992
11800
1030
7585
2220
3774
9058
12447
1755
6973
9334
11269
4327
10897
110
12099
9468
5731
2917
8484
6326
1515
12052
11757
11550
10723
2263
7367
6835
10831
10701
893
1490
1850
11187
10571
324
1215
2933
4689
11575
9158
10946
11712
12408
1129
7814
2918
6856
3084
4588
4304
2795
11880
798
6232
734
11089
2244
178
8834
9674
1174
11165
9436
1831
10313
10590
12457
1781
3201
198
8081
10468
4087
5193
548
3339
12034
7471
12343
11811
2532
12319
2314
9431
9079
10520
6503
66
5127
4712
5214
3260
5033
2572
8723
9811
622
1681
8817
787
3332
6390
7565
6008
8094
11629
3280
7731
10239
12748
8641
6651
11030
515
6158
478
11854
12459
8727
2647
10459
6865
2040
1033
7652
10332
2598
6760
6191
11831
9272
8803
12047
344
5521
6637
1871
2977
8147
3986
12260
2888
8576
4623
4818
8608
7402
220
11724
7949
10302
10613
7502
6658
9470
4016
6706
4248
10203
11673
8933
10687
5868
6487
10798
1264
8268
4241
5650
10759
11596
12269
11711
7669
8854
2881
1677
7021
7153
901
9749
2296
3402
6843
296
11202
4153
10365
7403
27
8346
9452
3829
6244
10489
6486
3248
12029
10102
4391
2580
9702
9489
8675
1370
12579
9665
10655
5551
7698
5254
681
11875
4775
5422
3159
11090
2987
4908
1882
8720
8836
1940
3296
3534
7583
3729
490
5708
1181
1375
5014
8362
7438
626
4758
11586
2112
8810
9773
6634
1767
12312
4180
9661
6791
1462
6379
2887
7883
684
4539
4514
9810
6453
10531
1366
3916
12512
2639
12071
5602
11512
5729
5730
7317
11017
8824
2300
4787
2938
5659
8719
11042
8520
1979
5979
3803
4534
9940
12217
7061
7457
7722
9575
4800
2280
7238
7628
4469
5133
6681
5428
998
4130
5266
8993
12517
1784
3182
11052
494
12759
10179
9822
2860
2038
4041
12731
2897
366
849
8341
7216
8473
11066
2653
3503
10604
6095
1541
10286
12498
322
2031
5089
7729
813
2528
11960
8020
6375
6280
11733
10870
5274
1079
2226
9965
11652
3515
2705
9549
6934
1164
3261
11043
7808
1450
6126
4229
8557
3862
2936
10305
3917
5487
11643
10393
1723
9404
7273
7334
4056
12135
2999
8029
11497
1231
1514
2313
11702
1451
10708
10394
8842
8749
10878
4321
10322
838
12650
6470
9899
10756
3899
10841
3567
11819
5452
3087
8499
11025
4546
4692
1714
7495
4270
339
9486
4086
6663
903
10376
12083
588
3365
2670
5515
3589
34
28
2395
7297
10237
5506
8455
2170
11959
7620
889
3878
3322
11986
3514
9482
12182
5673
8807
2774
6559
3733
7675
12078
10408
4528
1654
4274
219
223
10997
7109
7237
5982
4239
5882
1590
10792
3256
11679
8649
8681
2181
11634
9537
8019
6165
6103
9677
10984
9642
11485
4817
7821
7372
6521
6507
1209
7034
421
11155
1706
1158
2306
273
171
3956
5606
8085
4865
7928
3188
1725
7008
8698
1564
1782
843
11925
10525
904
3494
12346
11091
1547
10646
2080
9744
9559
7332
3985
9276
8581
9084
9364
11438
4677
6533
3820
5209
2646
9412
9774
8267
256
8410
9672
4350
9000
11980
5923
6365
9931
2155
9612
12108
6685
3715
4057
9341
10577
3622
5648
7286
6403
3102
558
7539
7136
1436
507
5275
4472
1869
5663
9937
5930
8911
755
8292
2339
4050
8402
3836
4386
6332
9498
6621
2118
9834
729
501
10733
643
8115
1539
9054
1211
9417
12018
672
4915
6106
12649
3377
4476
5615
11209
1464
4745
11374
1192
3793
1872
3590
6360
3158
10304
505
243
6719
5678
506
10435
6501
9463
7231
4717
6222
7529
7626
11756
1773
7030
3010
8012
10423
797
3618
2381
2829
12340
11891
11647
4633
312
6510
746
3569
790
2476
6120
11121
11900
2570
5753
8424
11026
6448
5599
9336
4355
2163
9371
9185
380
11708
1292
1912
7465
599
3892
4141
5540
1652
3634
6795
10056
1893
1944
3395
3388
6502
4362
12469
375
1966
3957
6195
11192
4423
5351
5696
1243
8678
10288
9319
941
8821
1471
3346
4522
2657
2853
4506
12094
11457
12476
4045
8798
4062
5326
8343
6578
9622
9526
4306
9527
5139
7960
11402
298
3990
1049
10422
3823
8457
11083
2035
4039
8384
8771
12551
7020
1972
9036
2099
1499
5205
3512
8065
8936
652
170
6828
4085
242
10069
5798
10839
4371
1644
6355
5594
2756
5794
12655
9825
9592
8883
5231
2076
4103
12201
3996
4801
5968
10073
12553
3966
11543
7861
11957
7738
6754
8470
5849
7517
7316
10606
4661
4078
6054
10775
5974
10226
640
1270
7488
2778
4603
4932
6060
1985
3861
3480
1534
325
5764
2338
7573
3980
11994
7695
4054
2237
5229
10421
4571
12342
5474
8587
864
11778
4942
2253
6010
6911
12425
6998
371
9156
12096
609
7923
10669
11114
8893
11848
9973
12311
9616
5830
2364
3213
7148
5456
911
11529
11123
3789
9338
10743
5581
7512
9343
8923
5060
6842
1423
12514
479
662
7310
6437
11449
10362
2988
1119
2776
4535
11320
9056
8157
6349
7189
10550
11280
8271
5573
6135
5269
4427
12224
5247
12160
3981
9199
12149
2893
2669
3977
11231
279
10070
9485
12496
11243
10582
5197
4664
1694
11358
5018
6133
3479
5554
4416
11877
4155
8620
4883
5807
3809
2552
10989
12733
4296
7507
4683
9104
10735
9144
7907
5593
2209
10063
9222
5402
2410
6897
4563
184
7841
7908
4516
2350
553
1397
1384
7750
11058
5856
4903
297
443
11215
5215
9896
12530
2077
7787
6017
4751
10196
2229
8625
2842
2537
194
10579
6636
8104
817
3367
12087
6553
2578
1131
12369
5505
6854
6761
7359
12583
9869
320
7135
1371
4042
12561
2654
907
305
3950
5529
7700
11330
9459
10206
9618
9015
7255
10711
926
244
12520
15
143
5983
2363
9365
129
1161
8868
12499
5953
7623
5300
8209
5458
7752
5308
1876
2488
7762
4479
1182
2525
8479
1170
11081
2182
12180
8615
6792
10832
10860
5921
3371
10340
1859
7932
7796
9057
6781
1878
10713
3588
8674
3121
387
1311
1032
10215
6584
8525
6382
7283
6725
8417
8295
10331
4936
931
9868
4019
691
11701
5987
6364
1909
829
3498
9646
2081
11357
12045
44
7197
3939
949
7108
7313
7514
4319
2965
3969
1187
11415
8441
7559
9781
284
9722
11311
6308
4159
3092
9988
4556
5555
7580
4323
3982
8452
6940
3364
1404
3195
7856
8746
8291
969
10360
6543
3734
925
12119
7342
12659
4725
2843
2851
10515
10854
5956
519
11301
10194
4471
10782
4348
11446
12705
3626
1789
10561
2059
9638
7143
7719
4013
6006
1902
9904
9197
6215
4686
8671
4922
6785
11333
7142
12747
9617
75
2345
6447
12654
430
4586
5483
8063
6405
12279
8211
7681
10409
9787
1553
5874
240
783
10608
3066
12449
977
4905
6264
6987
9566
5695
2941
12717
8493
7853
10907
8524
7381
10290
1620
5642
12749
2146
1801
2095
9391
9720
1357
11418
9421
6782
10659
8979
9801
3565
12667
12537
8544
1609
3096
4590
2415
8961
10679
2017
2971
6424
4125
5846
5375
12509
10592
12235
3246
124
1106
11914
1814
840
12121
6394
10046
5649
11676
3341
598
2123
11973
5512
8944
7145
11885
9140
9697
12334
5999
2197
4051
1216
3362
2501
725
8045
978
808
10945
1475
9582
7676
8903
8606
4906
8917
11511
4930
4542
3962
9902
2671
8011
1235
1225
1764
9136
607
10625
8260
7665
3217
5737
287
8188
2966
3164
11373
9794
11331
1657
1975
2397
452
2710
11681
7549
7664
3681
6715
422
9060
5316
7025
657
3301
10184
2845
4066
11224
12723
5244
1001
4198
2418
875
3575
6726
3847
961
1580
8163
12257
2206
4266
8904
12658
4231
757
4866
5406
5313
2284
10994
7001
7764
5507
5309
9568
4827
5839
8218
807
3907
6141
11765
10213
7023
1956
2445
8874
6969
10415
9051
8741
10411
2402
11400
1073
11019
3398
4240
6524
5436
8383
10847
2091
4527
12752
1698
9530
10695
9944
11270
10279
9564
1003
10553
7658
11601
10614
7566
2934
4651
10663
12326
6156
1485
11772
5368
10311
1411
6289
12033
11582
8488
709
8037
3603
985
3076
6169
12581
7384
8899
6713
5077
4101
1083
2722
11942
1268
2462
8559
268
3580
4750
10140
8061
8314
10375
9845
9394
2821
11430
589
8929
11452
8403
656
12534
10098
2037
9924
9233
3758
6845
6151
5327
2028
9546
677
8772
1232
5454
8432
9955
9604
8249
8203
4856
9493
2432
9170
9037
4647
9118
10740
896
1611
10505
1587
6686
9675
8863
7662
1719
9913
10062
3806
8971
9814
4701
3961
731
5557
7036
5564
12298
10790
6087
890
8151
11477
4006
4939
10125
8721
5898
6173
9625
5819
9532
9653
8775
2799
9116
584
3268
3932
4965
1260
8919
6199
6692
310
1716
8066
6009
2052
8879
4668
4298
6646
3783
1008
8423
10639
2185
11945
3623
12490
10864
12349
9030
8613
4834
4059
4756
8242
90
1987
470
1326
11163
7279
8655
10255
2117
2937
888
983
6932
12105
9643
11064
10970
2925
8498
3214
5884
2341
9166
8582
9690
9212
10072
10009
627
10190
4947
5080
4244
7545
8284
4765
1601
12253
1269
128
10202
8880
1711
4182
7299
9279
4235
6995
8348
2398
11408
9399
11937
12184
8537
8992
10734
1186
8969
12540
12497
12400
1977
5314
12617
4247
10085
10107
10152
915
1305
1096
3049
8546
6653
12147
1273
5698
6945
8116
10347
2796
6797
1398
6615
3358
7755
183
2959
4462
9252
8447
3563
9663
11851
6513
7887
4567
9779
6603
10338
2656
12742
4305
1961
4992
4891
6138
5815
5869
9221
6395
12093
6226
9619
12725
9053
1251
3176
5072
3359
10917
11763
8563
9897
9344
7466
11460
3289
11503
7747
7411
7538
11138
3190
1573
9595
1051
4069
8246
3218
8622
272
2042
4763
8113
1874
12564
1086
1473
7282
9193
10187
10490
2186
11291
4322
9634
10157
5831
10358
498
8278
11113
4709
8701
10386
4485
11281
3478
11011
3924
1748
732
2553
2463
8067
9447
9107
7850
2662
8538
11689
11134
3113
3303
6250
1344
11220
8262
1690
8191
9314
5048
5112
8598
3308
1504
11674
1806
3871
1288
3791
5217
10397
12146
1067
8900
12111
1717
2696
6451
1848
4512
11717
11783
2431
8963
4660
6622
3435
8644
7347
12755
142
8960
5586
11181
6992
9309
11471
6804
6749
6100
5290
8409
3409
1117
10452
1756
497
6751
10258
870
3357
912
7678
721
2805
12684
886
12251
9380
10594
9785
1520
7396
8102
11086
2746
8918
3545
314
1799
327
3757
9553
4204
5850
6129
5447
3129
9877
7440
1996
9490
3968
10405
10099
1973
336
2764
10100
275
8855
7793
2985
2686
7724
4620
6531
3477
8391
3558
5715
2809
11620
4861
2334
9263
5246
3416
307
12666
3908
9704
348
5918
826
5296
7243
12124
10266
4482
9497
3682
8875
11398
2053
12691
12266
71
8593
6855
9143
10407
8574
1666
7579
5570
52
6263
1445
8377
8673
1695
1574
9478
4405
1630
10727
1881
5074
5509
11250
8645
9081
8866
186
5558
7185
11788
9821
6587
1234
8939
3915
446
844
5201
11981
9856
2440
3103
7692
4774
6974
6094
2153
5518
11663
5067
10764
9850
10624
776
11849
6324
4920
11094
12114
11201
3136
10742
5462
3183
10591
7522
10151
3199
9681
1289
12137
12179
11051
7542
1879
10828
8517
5457
2148
4131
1036
12156
4134
649
6711
861
191
6026
1942
4331
11287
7972
9891
9571
9487
2775
4145
2617
2411
1094
6065
1546
4589
6034
6953
3135
3856
11755
6419
3805
8443
7431
6774
11198
464
1257
2259
5630
12364
6231
7382
10536
1262
7212
975
9147
5866
6582
2387
12414
5021
7129
10658
3882
6055
11583
9100
3875
2789
1857
11056
4108
5213
8281
3255
7323
2690
7389
4627
9531
1319
9753
12610
5162
9280
1135
4529
3505
4749
7086
8469
12592
6336
9340
6982
10858
2505
2904
570
1448
3414
10293
10162
6837
3226
12434
4383
7845
3539
9745
11419
2827
5780
4996
1338
3262
7876
9224
6838
5741
650
6039
2258
5395
11137
7082
9930
3521
9962
4478
5660
67
11951
7609
1258
10199
10865
991
3504
8305
919
165
8408
10896
4594
11735
2850
9300
12732
10371
4460
10618
6623
10696
2735
5669
4988
11465
2378
8872
4172
8092
10212
2103
3759
9964
1837
10252
10595
5710
4500
1093
8530
6718
9180
160
203
6483
3940
4933
7647
1230
3046
7957
2915
11574
4251
6111
6204
2725
4290
4334
383
7485
4886
857
370
6539
2561
3801
5455
8653
6859
8695
11067
12252
5944
615
2575
53
9112
3340
9688
11549
10219
8558
5876
11171
1812
990
8860
10968
8411
2942
3163
4678
2618
3612
8235
7871
11864
3792
8626
3439
1892
12300
11897
5255
5167
6460
1505
8828
670
897
3306
8026
6239
2890
6003
7739
9742
9890
8397
2
10843
6079
531
10995
8181
11032
6476
11365
10807
3406
5991
6328
8846
2565
2581
10428
8385
2607
12082
2104
11858
10666
11668
4994
9565
5057
658
4434
12441
3816
6773
12021
7260
3904
11346
6811
9205
3700
11718
1788
10829
6314
3645
1776
192
8743
10967
5388
8784
4951
2687
4390
4927
5552
9975
238
11817
8739
6901
9350
12640
9308
5097
9240
9538
8809
3552
12720
3360
8328
5628
7751
5783
4507
10780
146
9558
2294
7178
12167
11599
12089
11705
7081
4733
4384
8753
4545
596
11592
8990
5164
11660
1647
6815
2700
1700
2773
6968
8143
6219
86
10464
10440
11161
2594
1029
136
6972
7024
2854
1200
6121
9843
6296
3927
11255
8468
3606
11359
2330
2187
195
5059
802
2668
241
2068
8790
11159
644
5103
1637
7552
8312
3074
7296
3278
8003
4970
9088
8326
6915
11168
7829
62
10109
10156
9351
9253
679
2041
5307
9495
3641
10538
10399
3258
1873
4744
2912
4027
5488
11010
8024
7786
11797
6864
489
690
602
1014
869
1993
7610
5283
4370
1361
1526
1629
1551
10472
12365
1337
3901
5041
8252
10656
5039
2346
11842
5485
11306
5694
5119
5166
1134
8342
8871
4017
2424
4138
859
2962
8089
10374
9883
10920
10819
1364
11266
1779
12151
2101
1818
369
4937
5285
8367
11929
7071
2093
7817
1920
82
7331
7304
816
4396
8475
6124
4120
10165
1813
1271
8751
2994
9735
6409
2642
8873
2305
9316
10685
4195
10651
3849
12567
11961
12219
3554
2195
2600
6163
1518
8995
9376
6309
5755
5633
8399
11870
7162
9647
9402
1988
7737
517
6160
10781
11579
10299
9243
4456
2761
6481
5911
11505
6547
4855
7644
11295
12362
6358
2438
3765
6432
8643
7846
9099
11436
6340
4821
18
3560
3951
49
12630
887
6261
7236
6989
6043
8708
3168
2949
1424
139
3197
5131
112
8160
11065
4559
4595
4690
7951
9544
3277
4068
4408
9063
12215
451
7262
3731
7256
11410
4986
3663
2763
9411
1855
999
389
6426
1476
2240
11655
8112
992
7032
4997
3922
2972
6871
10962
4769
1293
4173
2535
11645
1907
10576
12113
8560
6033
7619
1151
1567
3171
7106
4160
4287
2230
174
1903
8752
9386
3408
1538
2292
1363
4357
5260
9543
9701
680
10094
3664
1661
508
166
10570
10637
7365
1914
7263
12296
12442
7361
1104
10014
5310
9652
5754
152
10141
5679
11650
3551
3722
11715
4538
10635
8463
1991
11228
8501
5141
3811
11100
3450
4591
7352
205
6680
2749
8497
1849
11558
3240
10138
3109
5934
10448
5810
8575
5634
4307
3156
6534
11079
10771
8891
3832
11109
4776
7997
4276
12440
9072
12248
278
6771
7415
3252
9124
11988
289
3075
9236
9040
270
4570
11190
6696
4316
3180
1422
8275
10082
4557
7812
6297
9360
12373
1132
6242
9695
11947
7423
9306
9202
5520
11097
12059
3786
9509
8345
2161
3008
1105
9432
692
4956
8307
4369
2765
3929
9826
12538
7778
628
2451
3824
12218
12707
3743
2176
6689
8858
3318
12030
7432
2787
1196
1676
3947
7618
4444
5722
10810
2369
4967
2217
8148
3326
9488
3583
12475
12539
3619
6217
2468
8277
10791
5973
3667
5158
7594
6976
3423
8199
2409
3212
10918
5366
11607
6593
2895
11158
11750
3642
9475
9419
10963
9061
12366
12429
8548
12641
5451
7160
7866
2743
4958
6474
7888
8811
492
1116
5637
11525
12596
12668
10979
6589
11564
7557
10214
5241
11787
2783
9408
1696
5685
2295
5939
7763
3313
4781
8350
11871
7605
215
6707
10514
8682
11648
3483
7006
5102
6599
3764
11949
6410
9683
25
7659
11116
12202
10991
6683
10496
8584
11659
10960
12313
10566
1102
3276
5345
11572
11218
8386
8835
9278
12750
2207
4552
4402
7395
3718
972
4579
6516
719
6155
12031
2803
2566
4025
6198
8224
12169
4063
2792
2222
5818
3866
9245
11047
3227
4214
3923
9541
1401
8931
7703
4979
3253
11005
2661
2158
8578
8088
674
12573
7011
9389
3841
1815
10617
12556
2100
11234
6708
1673
4213
9297
1548
9238
8547
5184
1461
11972
3220
10758
11680
7170
7430
12172
1751
3976
8353
1772
2016
2005
3893
3237
4424
8588
2257
4072
5574
9083
12130
5355
8418
6093
7935
10341
1519
10438
1378
5672
9215
2587
12463
5621
10084
10512
5842
7122
5832
4888
5904
522
8043
3607
9120
234
3796
6318
7094
1948
6361
11989
6091
11587
2224
9010
5571
4523
5793
11205
5738
2624
4728
7818
8859
12651
11628
9080
9511
2437
6056
9009
6352
3167
1809
10336
7161
5086
10287
7016
9960
4945
6046
10681
11809
6919
5590
7226
1228
10704
6846
8244
9887
6555
159
8851
1589
12559
12102
12079
11905
6687
11918
9624
7480
11812
1556
2828
436
5789
10418
1588
7398
2780
11448
9242
5686
3965
4727
9165
1238
2951
9330
9876
1497
6465
7355
7823
7547
7913
12582
5185
5647
11982
5242
2130
2092
5409
187
12026
7938
3655
3426
9800
1381
9978
8605
7427
5037
4897
3175
10726
8448
12631
12569
2235
8068
4236
9484
9780
24
3363
1088
8733
11675
2841
7537
7470
11887
4152
695
12001
6337
1227
1999
276
5929
2953
3637
3906
4778
5845
12377
4117
1137
2767
8182
10134
7661
9134
9505
2490
12356
7742
3935
2384
8016
7084
115
1863
3119
4258
12504
10788
2819
9743
9598
11588
4699
3802
6068
3536
3825
6642
11984
1946
11132
9754
10633
7269
9971
7929
7166
6963
5867
4761
882
557
10355
1207
10442
7684
9875
6538
3211
3630
1708
8458
1140
3162
6207
3730
2660
8848
1307
2567
9190
2834
12216
9429
2151
9968
3835
12374
9796
12246
9326
5004
6626
1627
10221
12518
358
138
8491
382
9636
4857
11855
1439
946
5498
4916
8556
1932
2352
3236
10557
3807
1936
11350
4154
8988
2416
9782
6139
785
6789
8036
8315
12070
5668
2172
2169
6628
4009
4340
910
6268
2309
9449
6591
4458
7597
9370
12213
11906
4652
6218
442
3415
12231
11741
11440
5744
1054
3699
929
6468
8767
1829
11007
10389
2011
913
7611
10506
9844
2606
4928
6564
10392
6
7835
6583
3361
9963
1635
1141
359
2070
3134
5160
6990
3243
2242
1474
10950
3259
4020
11569
8566
3500
2658
10774
1130
1819
7461
10024
9990
10424
7064
4318
9342
4669
9428
5476
12554
11183
1856
2282
11349
4008
6401
12665
11827
386
1628
11105
11894
7718
10004
12719
9101
1842
2497
201
10254
3868
5054
5889
2702
7922
331
3808
935
1774
10058
8611
11665
989
5443
10631
6993
10903
5806
11304
11099
6574
3052
11018
8365
4615
3321
9709
6246
6048
3311
9941
10053
11963
8210
3628
11298
1356
5002
9922
5823
12125
5670
3112
182
11293
855
10752
4912
12316
1800
11804
5482
10629
1968
10622
10400
4697
4987
4650
1159
9405
9894
1325
10050
4796
6796
5808
12593
1455
5410
8333
2800
7616
11407
7815
4378
8921
10158
6716
3736
2261
7429
4005
9302
2394
1185
2007
193
8770
5525
771
1478
1846
3740
7986
405
12171
10906
6317
6581
1447
342
7468
727
4577
9168
9250
3516
11334
10297
7156
7851
9491
1348
660
1492
10877
5154
12228
9277
2524
9842
10804
5374
3198
5717
9731
11605
10493
8259
10264
40
11268
6816
9820
10417
2723
11716
10937
9335
12422
7155
9815
11764
7230
5075
7880
5394
9641
10908
7789
11913
4088
1967
11821
11227
12243
6999
423
11822
12128
10939
6142
5661
9031
4596
2659
141
2597
6701
1377
3674
9658
12628
6362
11944
4741
1138
7374
1787
10251
4646
7568
459
6115
8179
948
9528
6370
4628
7358
5925
6040
441
6659
8831
9046
3830
12428
6144
11539
6344
1958
9262
155
12576
4578
1089
6049
11677
9122
7950
1674
6763
10684
6416
12204
2326
7096
10952
10051
6450
1715
9172
8381
9433
3831
6299
3348
12144
9177
587
9346
12148
2990
11839
10092
11801
9587
264
10076
6788
10859
3864
6274
11069
12510
3711
8438
9786
1529
10473
923
10034
7329
4364
669
3604
5108
11775
5248
7183
2591
5906
6509
7133
2307
8804
3690
687
612
7167
10087
3200
6629
4135
1898
282
258
12023
4943
2822
3525
12328
5223
2285
6063
8078
4654
5000
6710
11899
8676
5416
475
2555
8087
7
6411
11686
11362
5546
2426
6744
12287
2274
9203
1577
7264
9259
3970
5879
10739
11903
7193
3867
12012
6823
7548
781
1749
6519
5774
9283
9369
2324
5055
11492
1727
610
4666
5413
8103
8174
8535
3750
97
6985
3137
1537
3648
1517
11930
4624
6566
2090
7097
6171
7521
572
12139
11567
3062
597
6633
12027
7875
7345
6304
11286
12044
5976
8562
1938
8100
1753
3670
10256
2361
4260
5432
6285
10439
12077
10012
10914
10575
5591
1171
7927
10274
9614
11931
10325
11685
874
2297
11869
2643
11823
5347
9032
12676
581
204
7896
9833
2014
905
631
8461
10632
1974
162
4998
10522
9557
4713
9067
1431
6868
11654
7710
7736
4283
7531
10164
3384
12207
10369
10630
7462
3331
12170
6404
8895
2096
10710
7999
5017
8738
1449
6900
2610
1900
8186
3920
2757
6397
11501
2097
8329
12056
5624
9028
3471
8266
2171
11776
11713
8590
2010
12495
1283
10028
12255
1019
9518
8667
2810
11006
1651
12272
1169
9398
6256
5469
11136
867
5093
5433
541
9324
12555
6354
11910
3390
10261
12675
3959
6643
6841
11082
3586
10307
2563
5036
1080
5891
4966
2023
11455
7909
11126
7321
226
1013
1929
10690
5251
9596
2179
697
1124
7378
10465
5110
7902
1778
10364
2634
7544
7604
3489
1037
10430
8505
2649
2979
2547
5132
2159
9114
6445
3967
1428
12345
2520
8033
10934
12212
12597
448
10820
9476
5995
10249
3727
7353
8553
6279
12714
7295
9496
6251
5926
2460
22
2066
1653
8894
8706
1376
1724
3754
8652
4183
4082
9678
8474
6579
4558
3537
7003
9560
12084
10495
8789
9951
646
6381
7527
12376
7165
10186
7697
11999
4875
10957
5341
10884
7031
2160
685
2461
7128
6267
4941
5946
4583
5784
7569
10866
521
8714
11385
3983
12203
11031
780
10482
5607
5978
8843
3747
2196
8561
12614
4285
8569
9832
9805
6979
1827
9154
12348
2376
8551
3839
1246
7504
6511
11671
5439
11790
8964
12403
5510
5330
4531
9866
365
10324
12737
147
1668
11276
7650
8599
7788
3456
3271
4940
9223
6230
11352
10346
9047
3926
10898
8080
78
7088
2247
10523
12692
10563
7451
8980
2279
8123
3897
10278
7177
9312
12064
3631
10996
6272
8616
392
3191
16
4200
2672
6164
3493
9651
7394
4839
593
11883
8737
5827
7961
5887
2355
6036
4798
11027
4592
8656
163
11816
12035
12479
7380
12704
10201
6356
9092
5542
6007
7993
7638
6793
7758
4837
2293
6548
7898
4481
3716
6140
9956
1549
2044
767
5693
7870
9700
7857
3302
4517
11573
10308
3292
9011
1403
1382
6928
5671
1638
12502
6907
8591
6406
9074
1179
5448
5078
8648
5175
10142
689
11288
6525
12532
6488
10145
7154
10731
6610
10924
4349
1884
11020
2494
5947
3036
5777
845
8734
7967
10815
7340
11478
10558
7137
2964
2529
5772
1048
7045
1960
2530
8429
4917
9325
5901
8286
4259
10932
11009
5656
6097
5907
7373
2978
11297
11866
6721
7842
8264
11188
3138
8325
12670
1826
5548
8785
560
11233
8435
5435
4437
10382
8597
1442
8453
4406
12164
1689
12595
9917
11463
5962
2496
10904
340
2408
9793
10645
5782
4576
3725
2785
9715
1012
5280
4895
9958
7121
6549
4037
148
285
12321
8555
10714
9732
6770
4443
7446
236
12242
7123
10643
12199
3083
10294
632
6813
2493
2665
10825
10899
10732
10060
10797
4211
9686
3874
9424
2817
10529
12525
12515
7426
12522
10801
11739
9777
1735
7397
4255
12706
2475
12738
3713
11444
1804
707
11728
5189
11095
5472
72
7843
5101
6764
9382
1125
1241
10511
2349
6602
6780
9769
4358
1343
12743
11072
12225
8632
6652
1100
9160
8841
9738
7327
7622
987
2852
8853
630
1249
3179
482
9776
9654
3040
5010
11824
7000
3273
7227
3683
6674
6807
12424
1316
3225
1072
4815
10777
9852
5752
11662
4616
3097
12032
6869
1300
7285
6284
11303
5495
5291
9600
10037
1798
9667
5203
8227
5047
6441
8636
8105
2359
11966
3654
7052
1286
11828
4445
2137
6787
9873
12444
10850
11427
6894
9884
10926
8564
7151
963
6012
4882
140
12586
8906
6936
6542
5243
10030
4431
10654
406
8212
9196
10668
11001
9135
8234
4399
5252
11
4760
1177
10139
2863
6471
6228
9218
2989
9153
7117
7010
10912
8927
1440
12437
2875
9108
11600
11214
7232
3726
2772
9816
454
9013
8189
1367
3712
12575
1388
9042
1000
7761
3553
4114
9829
1667
3173
9539
11987
488
3230
3828
11034
5208
7848
5704
12304
8133
703
5105
11337
3291
8125
10600
9519
12293
12074
4909
4440
11608
986
11781
11552
7705
6257
6089
5238
1198
9710
11562
7519
6812
9991
9206
8320
9556
10225
7175
4470
891
1969
5757
6527
6294
7595
9110
3249
6570
6638
7351
11695
9400
7473
11747
11703
1239
2289
2740
8467
4585
9227
1229
9200
6980
5178
4293
1058
6262
281
9235
9508
968
10573
3953
1939
10784
1274
619
10842
1742
1390
2203
9771
9847
3568
10544
10404
6116
12721
6052
3178
3192
9499
6099
7029
575
10552
6656
7115
11888
6276
9472
11451
5897
5724
10185
269
629
3081
3466
6430
11881
7062
12411
5543
10238
4356
11624
2113
8219
10232
3216
3814
8321
10949
2278
4599
13
12112
1525
2365
4648
10532
374
10863
6477
525
9131
6895
10339
3591
7904
2958
529
3714
4732
9461
1394
9989
9633
10574
5631
9465
6563
4703
1712
12450
955
6675
3453
9579
8595
2071
12427
10169
158
7005
9094
352
6078
6236
8946
12729
2920
8503
4644
661
7057
10181
3665
7979
306
10527
4790
2356
1927
11908
3427
8941
3638
11727
1266
1560
10326
7179
4109
7867
4904
7294
514
894
8601
21
899
207
458
10246
2430
8442
9299
3389
9905
3911
5383
8907
552
9631
10462
3144
6917
2056
1925
634
6082
8508
11993
12355
8619
10955
105
3041
10361
1709
89
7014
10433
3174
917
7833
6732
1949
6368
1
8032
6047
9127
11753
2720
8783
12521
3117
12080
10640
9768
3762
213
778
3496
11245
2043
8920
5420
6154
9759
8357
11537
10205
8465
4167
3788
8586
583
12645
12740
116
6644
11507
12695
12466
11417
8712
1763
1875
10445
3224
526
7725
2946
4473
5655
8884
6059
959
6342
3633
1050
8782
8711
3380
3676
5776
11523
6573
5179
1607
3610
12453
6635
12757
10001
791
8984
3056
10047
1980
3598
933
7424
5626
1682
4179
6446
4116
988
2896
3778
5658
3093
3155
1823
12284
1098
10396
2844
9078
3342
38
6540
12306
8707
3356
9645
10698
7813
9098
8220
11771
10699
2428
5043
5346
8954
4811
8476
686
4799
7437
2353
6353
4569
8213
2752
9077
8073
9109
1040
7491
1265
11820
7059
277
5084
10276
9437
2382
571
1435
9439
5352
10706
5445
1007
4543
11244
2064
1136
9882
5343
10177
294
9739
10204
8780
2403
10321
3998
11898
3741
11766
2719
11740
5150
2808
9017
556
12439
4795
2469
3738
4286
9908
2604
362
6924
1704
2139
3239
2383
7314
4311
9477
1312
12022
3930
6183
1591
11974
2162
2396
317
9516
5233
5068
4036
8987
3020
9903
8228
9105
5295
3972
5370
4133
974
7291
9175
954
9610
9752
9547
11873
5016
12416
9179
10874
7490
1640
1290
1380
1933
4675
11651
10222
892
7287
4876
7906
8194
11965
10301
9041
10929
2466
7657
10106
9788
1913
2736
726
7214
8245
1796
3845
6402
10745
10992
936
2265
824
7274
1389
3564
9076
5429
7827
5690
7878
1868
8202
7486
9655
806
4805
11254
10300
11670
12703
10426
9155
7511
8056
4494
2632
12536
8896
8623
7832
4388
145
6467
2033
11638
1165
2050
3760
10816
4435
3430
8190
12092
7069
4361
10616
9454
1771
3511
271
8436
2032
9005
12337
3810
9996
4346
10653
545
3241
8930
8502
9323
12653
10961
7564
920
11627
6640
7694
8230
7126
4278
2983
130
7980
2667
7138
3223
9374
7693
5392
614
12636
1466
4497
3042
9126
2419
5085
3294
6737
1500
9018
1521
11626
11122
4232
7686
8820
4430
390
12585
7124
5913
8592
4806
12488
8238
8044
12484
3993
12189
6609
5319
12560
7119
2421
5604
1750
11487
12401
338
8407
1341
12181
7982
3640
329
11258
3004
6960
4090
9828
2322
6667
7009
4197
3549
9650
8363
4203
11879
11388
6185
1639
9130
60
1240
5760
5136
2343
2120
1524
7617
153
481
6122
7674
7101
1762
8942
7715
9977
11578
7479
6212
4853
2711
6766
4150
1333
12002
11046
8378
9328
11976
12388
10250
11631
3850
8340
4124
11423
4788
2866
1386
5941
3067
11547
3629
12067
11405
3028
2969
9900
11145
8646
6136
8801
4263
645
12325
2074
341
8041
1622
7141
5796
7184
11901
8232
5475
10281
10367
11805
74
12626
10849
10268
8633
11773
2051
2541
1301
5877
7368
1304
8428
11594
2599
2573
3186
2768
4831
4223
12318
2106
2679
10953
1387
12350
11381
12332
7083
1279
804
1555
12106
4566
12344
4841
3594
6035
6852
10112
8705
4177
1308
9106
3452
3695
4242
11348
2198
8966
4425
6150
943
822
5005
6612
8356
5619
4547
2538
12448
9503
5207
12140
11480
3054
3675
7776
7218
6722
3300
3310
7221
8519
10682
5954
10998
832
11271
3462
11902
7643
54
3451
6305
10093
1481
4873
8038
3335
6016
4926
9138
5797
10353
12547
5083
6645
11249
5490
768
2065
12123
7311
8477
12678
4524
10524
2717
2079
8914
951
8058
2482
10454
9181
11404
1759
9984
4422
6704
9916
5182
8533
3701
4243
688
3432
4944
966
12389
12103
10395
2713
4757
12446
6320
5975
3572
5299
1990
1205
4971
12410
6783
3600
6490
8609
12730
8070
8577
7973
11876
1625
536
8766
7970
4212
6456
3507
8393
9524
7112
2708
5031
6514
4662
4021
1854
12024
2872
3030
9397
1645
3417
3476
12190
11053
1792
3797
3368
7196
12322
5109
6024
8795
11248
11856
126
5959
3876
11127
4451
7147
3531
10922
827
9831
7790
984
11473
11197
7783
10380
12230
2443
8554
10541
345
814
6166
11397
11571
12478
11517
5779
2116
10026
793
12688
6898
2674
94
4225
3756
2891
2371
11420
11975
3228
7863
6359
11734
7326
6028
11045
11104
1865
4612
10049
2645
2243
5373
2336
950
11260
1120
10789
2204
419
922
9446
8669
10227
5408
5788
5742
7667
5567
8135
1202
10818
5765
8389
1970
11302
4018
10343
3687
1997
4033
11246
1248
2192
2712
9184
2190
4670
5142
5984
6565
7804
6943
9510
10055
10535
10641
2136
1065
600
4227
10813
7577
77
7546
2898
4820
9506
11868
6413
9444
9064
8007
5468
5951
11157
3391
5415
2560
12622
8162
2635
5256
3530
8567
1908
11815
235
1604
7984
9310
3490
12572
11150
1994
2824
11846
10568
1342
8512
1619
5287
2060
12699
2219
9865
6038
260
11948
10231
9093
3744
2026
6988
4234
1917
1828
9765
6233
11909
6283
4208
224
8915
10002
9333
6469
12010
10954
846
4289
5560
2551
11120
117
8837
5966
8195
8659
7489
5
5342
9111
10787
4324
1063
2590
8434
9352
11062
3735
10589
3517
6986
11613
10755
6767
5622
1605
1733
10516
10901
11919
9504
11640
3812
12286
10554
10167
11706
1761
5401
2739
12294
2472
6738
6891
7943
9685
4206
6371
10350
9361
10348
232
8258
7561
9795
6168
11475
3596
6288
4632
125
7641
6229
1296
1976
12097
12320
10267
5750
8152
3086
12465
6882
11872
7673
3345
8172
12019
5870
6506
2797
918
1646
5122
5126
4621
6809
364
11479
2125
8150
8717
55
638
302
10958
5811
1276
10247
4432
3644
4143
2878
6493
10478
10453
5240
12000
10488
6937
7240
9945
10160
2593
11309
2393
523
6376
6981
6677
3900
12297
5585
11943
7956
7570
11314
6777
10161
671
4188
666
3266
1887
11458
8472
9911
11139
9091
7687
6031
12552
6090
6238
7350
7830
760
6254
1906
3818
6269
4300
5569
7941
10785
4164
11223
5971
3579
2832
5449
3472
6327
137
7043
4892
2180
10320
7730
3177
4854
4637
5115
12271
7648
4261
1331
10209
10674
7002
9550
6941
8017
6241
9521
12741
6881
10342
4530
10314
4673
6996
1252
11470
3374
2814
4719
6544
10040
4858
7901
11229
8580
8427
1077
10176
4363
770
10357
8865
249
9766
7239
3419
10273
10015
4976
4544
5565
7939
716
12324
2048
5997
6600
7245
4178
4809
10916
12101
7140
7190
1460
5989
9860
10948
2000
8175
404
384
12054
12107
10344
1633
12194
4784
12068
6970
3925
4158
7449
8415
2193
11328
10016
1015
5124
7418
7409
8989
2871
9
10136
1838
4804
255
7026
5713
3324
7714
1581
11148
924
2779
10700
7891
6132
5320
7312
7102
6042
3775
4835
4964
10971
539
7483
2745
3719
6819
9337
4468
667
7575
11211
8549
5063
11023
10975
1353
7114
12474
8662
2703
3330
8053
11829
9588
3584
12046
5645
3376
1256
6190
11704
9442
5348
11003
11476
11125
4175
4910
1852
6316
12578
2105
133
5029
928
823
7576
11632
1531
1214
504
10188
6530
3072
10150
9576
9086
8647
6619
9273
3709
12236
4849
4748
4268
11714
11794
12608
8905
4186
10406
5301
2923
6588
1810
3486
7419
3141
10019
9347
1324
4312
7494
8702
9872
8691
12126
10048
9580
11911
10578
5541
11428
6172
1540
9409
2681
12612
11185
6313
1191
5293
1542
11493
11516
7056
2539
953
7241
6731
4846
6801
8010
4330
8924
5334
7330
9348
4729
11486
6541
11174
5305
5161
7860
2156
1062
10808
1167
11414
3636
7651
5588
11130
7192
4491
7266
11332
4980
8335
12696
11769
4946
2782
717
10011
2502
4360
4171
8082
12456
395
7186
12535
4492
1365
12155
8787
5917
4968
2914
10518
5644
3766
3440
12043
7357
6806
9879
2143
5104
5073
1571
4079
1122
2786
2967
2504
5988
11657
8867
11000
7164
11540
728
7587
7543
412
11338
9708
5745
7668
825
3267
3974
8808
8306
417
11261
9817
6748
8967
11088
12310
2082
8945
10738
12161
3373
5726
4107
10636
4380
7723
1066
3913
5536
8002
5387
5732
11690
2738
5052
4000
9760
2427
11938
6833
10123
1687
851
11738
6303
9087
5878
8527
2839
11279
4611
9540
9207
11008
9823
2489
11922
6905
7390
11443
2849
6665
5881
10262
4452
9949
7421
9827
6484
2479
6617
10457
11151
11251
2141
11310
5188
12385
12237
11548
2744
7253
3506
1679
4249
3147
8130
10486
7004
580
9662
4070
3343
7404
3672
559
5237
7805
11041
512
1081
1664
9204
1931
12339
1150
2838
5949
8308
8932
12491
5177
11867
830
8311
4752
12454
12405
635
4465
6799
7987
7079
6966
4142
7027
9183
876
4869
5315
5222
4
3051
5691
3124
10852
2491
3854
4777
9907
7509
6457
6293
1148
11453
574
3769
11928
4146
853
10174
10966
5919
9358
6614
6002
9163
10893
4495
8173
6655
12039
2368
12307
4780
12323
7992
2950
5625
6971
8716
10647
1841
5986
537
2806
5801
5596
7206
7343
7560
8096
11367
784
12249
1409
10729
154
7806
3009
1686
11093
4014
7455
3863
2733
1895
5442
569
6709
5854
1816
10257
8319
3394
3327
12736
6102
2975
980
10492
190
9331
5088
699
12455
606
301
3420
12511
1060
10757
3444
1069
10716
2205
9435
7339
8208
7679
11312
4642
7683
9007
7996
11259
5600
9151
7022
4893
225
3354
5895
10677
8754
3436
1693
6893
1045
3446
8050
9146
12735
10927
11296
4735
4496
1218
6015
9719
3987
4911
9492
4493
6944
5699
8352
12259
956
11983
11426
2869
11969
4433
4973
2961
2200
98
12571
2557
11375
8445
12115
4199
9637
5539
1648
12183
9888
11383
6197
6295
4499
1154
2255
9874
3170
7400
10248
7158
12282
3108
4548
11915
5423
2049
11835
9208
8815
12503
262
11561
4061
5534
6616
8120
8155
1802
4736
12746
2385
6694
5759
1959
2976
8680
1843
1734
2911
11411
8338
1986
9561
6546
7098
2811
659
9986
2511
11589
4282
9339
11464
8800
6287
11774
1930
7125
197
7777
2931
8004
2327
4389
8958
4218
11447
202
3510
4931
5535
9925
5791
10969
1707
5172
5249
11666
6528
12568
5855
8164
854
4737
12289
10352
698
11344
11191
3696
1636
7280
7554
11649
3581
1291
6585
1853
5232
3763
3304
1495
11935
11637
7994
1998
663
3748
4413
5530
5575
8901
7526
9474
5864
10867
6776
12221
1306
7392
10429
11494
5592
10230
9721
1663
5450
12673
12698
3627
2693
11252
9789
10921
10817
5915
3157
11506
9914
6668
1059
4636
3242
1678
6892
6374
7574
1757
6019
12383
5116
8755
7408
2790
863
7858
1484
7035
7721
5977
5134
206
4488
6938
9062
6910
502
7385
1028
3840
10882
8110
5056
9762
8154
10965
2731
8996
11837
2454
7215
3104
8392
6278
3099
6184
10470
3561
5892
391
6736
5618
5258
9687
2695
2027
5463
2568
8006
64
12076
2062
5276
7208
8684
8571
6331
4859
12185
4887
9268
878
8529
7916
6863
7892
6439
7869
1016
9467
11990
7629
11534
995
10173
4297
161
5675
6873
9692
7989
3843
10805
11653
1021
3073
7555
3943
1585
10147
3152
8226
12206
775
10748
9670
7099
5486
6235
9555
7041
2612
7513
11016
10233
8433
10253
10555
8792
10627
5393
11080
8838
3890
3556
11394
1528
1267
7734
1899
4658
3005
2734
189
9998
9167
2747
2047
7849
2558
9274
8666
11096
6396
12309
3385
4555
1184
6420
5051
5311
2433
6949
10583
769
1685
8322
11111
11363
11636
5578
4426
466
6265
5734
11284
11964
5191
5390
860
7270