4863
696
3822
51
2477
2509
4446
1161
5686
101
5407
3119
1405
620
3065
4237
1049
2432
2345
4942
6327
4739
4897
3624
3528
2879
4039
3350
1657
1188
2410
3692
5859
3964
3607
565
1223
6049
3734
4438
5337
1002
1738
5328
408
6027
325
6156
2119
290
1044
4511
3896
4840
2942
1496
4080
2890
2191
4753
4570
371
3470
5366
5934
2299
3058
2263
1926
1488
756
2670
1545
2364
3221
1047
2995
1840
6330
4394
4024
2646
3538
4273
5742
122
3404
5447
1192
4267
3805
4561
926
3682
4656
439
5041
2029
1941
1509
2399
4801
1536
6233
3044
5762
5456
5944
1634
2540
1922
2098
279
2829
4046
3580
1760
5499
3268
3574
1005
3349
2742
5481
6253
4096
5802
5923
3707
4860
577
4424
5339
3674
4487
5107
4019
5841
3455
3153
1328
3264
321
2488
5101
4679
6061
6093
4368
4437
1888
1553
5233
3909
3815
1101
3571
245
420
4439
553
373
2275
736
996
1471
2640
5995
3966
2732
3616
1623
3670
4593
4331
2226
4373
181
794
1219
3375
3195
5705
1323
4126
3617
4270
1617
4647
530
4291
3250
1097
2002
1902
710
1108
3158
3540
5361
1918
1046
1022
864
3252
4601
3475
5397
2987
3505
1869
1339
3285
3866
3979
15
5764
4198
315
1971
4525
4949
6325
1954
3433
1501
1144
6014
1149
2716
3622
2697
4098
1129
1669
5295
2776
2268
2548
5620
2375
1406
1354
3857
6183
3002
5283
5288
1175
676
586
3265
1699
2577
5798
2154
5102
2182
8
4091
3227
1951
3258
1352
4746
549
742
4022
5626
691
3768
4056
6078
3006
3641
426
652
33
5836
1672
44
1039
2276
4382
1897
3893
1662
3948
4213
1487
2118
1038
2312
6187
1421
4148
6067
63
4372
4552
5403
5244
4083
2486
2318
227
5662
2691
4128
1870
1374
3017
179
5296
5529
4165
4058
1357
6146
2970
2344
6270
2818
2572
4502
4581
1632
3774
2519
3402
4604
2576
1747
4597
3169
3206
6120
5070
4383
4094
3487
6129
2673
6287
3941
6103
3085
4689
4423
5478
1420
473
641
4209
5001
3422
2042
3321
297
303
6029
5987
5406
2338
1344
6035
655
2618
4176
6009
1215
4575
240
783
5889
1862
977
3182
2124
6017
257
3050
893
447
3940
5916
3094
5227
3803
6070
1467
5028
1407
2647
1183
1345
5193
2087
4336
3488
5033
4994
2303
124
1362
5111
2018
6000
2628
598
75
3535
5231
3332
3296
4229
149
453
1212
2350
1454
808
2389
3276
810
834
6191
4896
6101
6244
4945
2053
4573
4898
4458
1027
3513
2104
349
1520
3975
172
2458
4118
422
5549
881
4266
5619
1606
1263
102
1839
6245
2949
5383
5799
2585
2020
4698
135
1383
3123
4244
6179
5747
3779
4794
807
3958
879
6138
4790
799
354
1872
1073
2142
144
380
1905
4558
121
5797
418
2985
1965
3855
5445
1385
555
1961
3559
1513
4864
5976
4322
5823
4770
5604
1737
1616
2885
5077
5425
1566
6168
3043
1860
2666
6172
414
3491
654
5360
4350
2905
3912
5567
589
3353
5500
3340
4595
3661
4093
701
2517
4183
4696
4825
1791
3382
4032
5599
110
4918
5162
4349
1666
5643
2287
5241
2641
4329
1370
4201
3861
4704
2313
5112
1867
107
29
4113
1550
751
584
2664
3317
3021
548
5953
5932
1446
3131
6145
6240
4471
1803
5768
4702
1322
6276
2288
5660
5913
3098
90
4002
1512
4782
624
69
889
4934
4828
5940
5022
2778
947
877
4072
5955
293
2663
445
2943
1533
4059
4630
3492
4450
367
2807
3955
6297
5863
5846
2755
3357
2868
4808
4958
1186
3592
5982
6175
4836
6241
151
2215
1033
915
4353
2057
4763
509
1730
5062
2405
748
1650
3467
3107
6199
3985
5365
5992
4605
3450
471
3409
5338
2758
5527
6024
3127
896
4818
251
1209
2210
2414
1507
2925
1128
2377
2543
1864
57
3630
1480
6337
292
1142
2689
4954
1170
2842
1578
5503
1726
5843
1086
3732
1172
6273
2447
1335
5281
3996
5834
1740
5164
6350
613
4608
2404
3164
3362
5809
505
3844
272
4952
3527
6206
5043
5325
5531
106
2991
4957
3648
3501
952
4730
3583
3856
3689
4756
1569
4928
5470
1024
2453
2598
416
1615
1832
3319
564
478
4643
1203
5345
142
1612
4222
3523
2922
605
1194
3481
6324
5857
1514
497
2392
1630
4664
3534
5954
721
1732
1025
1805
1295
1820
1728
2728
4003
6057
4233
5132
1302
108
1351
6055
2526
3025
6285
931
336
5583
2302
3570
4259
5475
2317
1807
1934
2988
724
765
286
3102
3967
307
3306
4224
4956
2677
2346
5776
3196
2516
4470
5400
1964
71
3483
711
421
1020
3846
3308
4306
737
6193
1940
2272
5459
3764
5918
2815
2245
1210
1477
1095
3872
5728
3360
2845
4256
978
4381
4517
1485
5424
4012
1608
6359
344
2653
1983
911
1041
47
3121
5519
1350
443
1894
1061
1451
6376
2857
5473
2476
6038
2615
1620
3478
2611
1055
848
3070
3802
1294
3870
5444
3543
5956
4550
4546
1765
1112
3780
776
6030
183
2417
4357
4320
4773
1879
734
4615
2227
1168
1670
2805
4529
1721
5382
2337
6155
2574
485
2678
452
3208
3980
3210
4877
4726
30
789
4793
3038
2910
2505
2163
5039
1109
100
5543
5419
4280
1443
5755
6082
4812
1083
2144
861
2534
903
6151
109
3078
1871
5670
5881
3172
5812
1963
5302
6230
927
2741
3386
4639
4400
1580
2357
5990
4241
1094
1121
4865
5601
4564
3808
809
5744
5411
6170
5214
6282
5647
2199
4874
6006
6045
1770
4878
3758
4060
5637
5157
2579
3256
4589
2698
4418
1921
3951
4940
1204
6068
4075
5957
4908
5201
4758
6344
518
829
3605
4141
438
627
6109
5370
925
3578
295
1052
3275
2801
1173
5462
4766
1561
3167
4053
944
5064
2633
12
1117
4633
3424
3082
642
3782
1825
2787
3074
1319
1703
4504
5831
1858
2306
5498
3077
6352
4629
653
429
6097
5874
2892
3398
1859
2024
2531
838
1087
3045
6223
1755
1992
4414
856
3480
3838
1448
3159
4092
2687
2107
2899
6345
6013
693
2820
3034
4274
188
287
3889
6104
169
4420
4953
6261
1684
1586
5485
1338
2370
3149
2926
4907
2202
5789
6106
210
5896
4674
4884
4882
5079
73
5489
3910
4506
2986
1891
3771
3634
4189
3193
3770
5943
2457
1231
5014
4221
1883
2298
6236
1718
1379
5141
2045
113
5402
2944
1438
6339
4974
1745
3372
2166
507
3479
3130
4401
3882
4607
2798
2114
6195
252
1881
4936
350
1789
3161
2906
4260
457
5659
479
1114
798
4902
298
4099
3288
26
4713
4811
2473
3728
2170
1287
1281
229
4054
4532
5135
2860
3575
3165
4086
5474
5007
2570
5331
6069
5148
5246
5179
1614
5518
607
5253
4848
3879
2259
4653
4205
5156
6268
4434
6060
203
339
2351
837
5384
2471
387
3254
4827
3333
2960
1609
3347
4676
5752
3905
4284
5922
4582
6377
3750
5655
2951
5086
6108
677
2623
4387
5595
5933
61
1973
4102
4397
2264
5426
790
3154
3656
5774
6334
5106
3660
3639
1359
5552
4668
5658
4308
1966
733
2705
5205
4829
1260
5405
5561
2229
2764
1543
527
4862
2948
2034
1468
2650
4411
937
2022
5435
1780
4154
3263
803
857
1599
5081
3557
2781
5113
1423
4967
1465
4151
219
2882
1288
1115
582
3686
1564
43
5158
4081
2080
2718
1744
5250
5771
6063
4880
6173
1452
2436
1892
2095
5574
1224
3207
2197
1071
718
6050
4624
1505
2617
670
347
3541
2347
5094
4155
897
1258
2239
5346
95
2525
4700
2571
842
5163
1595
3737
3892
6160
5364
3008
5842
2316
6360
4541
4851
1874
322
1756
1769
4623
2771
5793
334
3035
332
833
2972
2481
2589
4063
2480
731
2135
291
4625
184
5968
4833
3518
533
1671
4088
3244
3428
2406
3611
657
1255
2874
6062
2851
4028
5750
898
6343
428
2619
4392
2596
4982
1436
5769
1222
1768
4508
3218
5138
2072
5661
3841
3309
4104
2559
4823
2609
2821
1096
5477
3907
3460
5756
4903
5266
415
1652
2955
1230
1410
1788
4610
3482
4900
5040
2271
2582
192
2753
1126
2954
2887
5958
5926
304
1817
3381
1292
70
4122
1305
3187
3407
2149
6356
1340
831
2523
1456
3558
3698
238
92
4317
3499
2895
4395
2173
6250
4204
1001
6114
4466
3649
1532
4591
411
6121
5223
5245
2328
5814
4847
2164
633
498
3739
720
3426
757
2091
2167
3383
3544
5610
596
5492
1068
1942
1647
2515
1700
5108
86
2223
1029
5632
3105
4987
1200
2025
621
5795
566
1837
1334
3937
2099
2431
3917
2880
4013
745
195
3497
2177
4190
802
3721
5961
3664
4917
644
6122
4768
5114
4417
120
1777
3529
5118
2684
3688
134
3971
3585
2542
62
5729
2862
2763
679
3075
741
1211
5672
5638
567
1873
2704
1717
1392
4776
2549
489
3295
690
4677
602
1911
3516
2584
4505
1187
274
3829
1361
4374
1526
2722
4342
3439
2638
2629
5997
3933
945
5006
4462
2498
68
4660
4520
1598
5663
4351
4127
1503
2446
150
4584
2086
5808
6374
2333
859
3270
2858
4557
366
1432
4795
1779
3684
6169
1818
4038
841
1189
175
4283
2093
3194
6031
3053
1030
3443
300
1472
283
3761
2865
5049
1813
1271
2233
5748
2996
2008
3593
4838
5806
5298
99
3379
744
5899
480
4999
6196
6237
1157
1437
3365
402
2195
949
2067
4447
668
218
1962
4287
2886
2213
6032
2310
4279
4210
2145
777
3613
3931
3650
1491
4215
4585
2291
4762
3290
517
2662
3346
4358
6214
2746
3318
568
360
2669
759
3837
5994
5170
4149
214
3142
3441
5931
3464
2244
725
2873
49
4985
887
5571
4385
516
2462
139
2465
2788
5410
463
6375
3536
594
450
3090
5330
312
4192
3620
451
5144
890
5510
3916
4375
5966
999
389
1476
2240
5736
5313
5372
3918
758
3213
5573
1293
5827
5329
1907
4378
4915
368
1937
1151
3994
5375
6277
191
5984
3003
174
3612
3820
4214
2407
2292
5544
6207
6369
2927
1164
3089
3011
4742
1661
508
166
2656
4371
2592
4288
103
2775
3646
3113
1752
5689
3109
1658
152
3039
1583
4966
2941
5554
2418
2209
3886
5318
1822
6052
4513
309
4937
2795
5047
495
205
1434
1135
868
305
1849
2957
1988
3148
1534
843
1987
4871
4271
2915
3742
1538
211
1957
4163
5676
3106
1349
5871
5929
680
180
6074
2552
3752
278
289
4778
993
2236
2977
4930
4489
5105
270
2464
5203
2569
5767
111
1391
220
5508
83
5832
3875
461
5598
551
3520
5607
5354
5898
6004
6171
2450
2329
2146
3706
5054
650
708
5989
3459
6272
4834
1424
1216
5494
1924
3135
3080
314
3129
1427
4832
4001
3238
5152
5273
4984
4684
3749
6379
2902
684
4663
4767
5184
2451
3599
326
5326
4457
3898
5509
2683
4332
5901
1676
348
1626
4431
2833
871
3388
3018
3016
2218
4993
2121
3066
5389
85
3226
1877
5026
6205
6249
494
3392
4996
2600
3162
1270
3047
3133
3024
5265
618
5448
4819
3010
2934
5790
3887
1413
2201
3954
4751
869
2358
2006
6243
4407
356
1162
5636
4250
4666
6290
1890
579
5893
3377
1691
862
4309
5946
2380
2378
4486
4932
1116
1541
3150
4899
6012
6165
3908
3982
4253
2500
5628
3096
5664
6279
6003
4912
6083
2803
3418
4734
5327
6117
2052
1776
5606
2536
5703
1592
1723
4983
4328
490
5356
1006
5546
2503
3949
2314
2554
1417
25
2409
1113
3484
1552
5440
5187
3240
433
5316
4523
4315
5597
5569
3833
4728
5683
2518
6132
1102
2799
3458
6081
5488
194
615
643
4577
3757
5385
330
5349
5773
5379
3767
483
2420
2602
719
5910
2059
2566
4251
32
664
5010
3973
1444
3125
4467
6220
1705
4454
2966
5584
4041
2277
1401
3809
2456
170
540
3589
4771
3358
2828
5867
674
3336
3214
1815
2937
2100
3567
6320
5367
2101
5395
3211
1548
3396
3370
355
3185
3095
3862
2535
5640
4539
2373
1051
2321
4441
4108
1751
3827
1772
1196
1878
2668
2016
2005
5168
1482
328
648
2963
1123
3181
4603
4379
4650
3204
5746
1259
4015
6333
5434
1519
1378
4649
1023
5860
3289
4531
4923
912
4326
1675
1746
6130
1736
1629
4200
430
1808
4020
6102
3877
3968
3938
2222
3703
5087
5404
6159
1948
4868
5656
3790
5838
1995
2671
3625
2224
1106
5251
818
3393
4343
4626
1697
4578
136
3691
4901
3341
5648
1180
3914
888
3049
2437
4641
3311
817
1111
3891
2341
4697
4709
1264
990
5304
1739
2847
353
5019
2827
5614
1489
4264
1228
3509
5278
6176
6037
5967
52
4969
5457
159
3787
1587
1589
1479
1469
4313
3184
3246
2078
6247
3932
6286
3903
436
4085
4240
1588
2780
4816
1590
3704
973
1238
2342
2843
3548
4087
5437
2231
2893
1497
449
2369
3834
2422
5721
5414
1551
5650
1146
5398
2092
1313
2015
5709
3128
3437
1381
3700
413
941
801
2750
2877
3755
256
6259
2235
647
1767
5925
2864
3410
5649
24
1088
3434
2694
3023
112
2841
2311
4419
56
1309
695
4634
1227
1999
276
3055
3326
1833
682
6135
4602
3277
1137
2767
4258
3945
5687
3901
4870
5133
1346
5674
5190
2784
3209
2384
115
4436
6347
3708
2997
5555
2819
2952
4526
5300
6092
81
1972
1714
5796
4789
3307
4110
1946
3783
4691
5924
1610
3693
3305
5433
6232
5627
4909
4904
665
2194
4166
5416
1017
557
4194
3871
1207
5080
3454
1510
5155
4325
4338
4340
266
5455
3816
2111
6174
1909
3545
5465
656
6131
6085
5702
998
3666
2834
2809
1784
1237
5303
4503
4230
5169
6295
2186
2913
3929
908
4195
1303
5950
1627
1522
835
358
138
299
1556
1003
382
5413
761
4618
3378
4707
3352
5150
4376
1402
3320
5786
2721
1932
3658
3313
5072
5439
3235
4959
2685
4732
58
76
796
2416
3413
4655
785
6219
6212
3411
2217
3849
3026
3995
5807
3819
4914
910
2172
4011
2309
5969
1257
2495
6300
4071
1178
4791
5206
442
1399
4366
3978
3469
3759
6079
1054
5484
4879
3477
1415
2372
4500
3400
6209
3189
5706
4464
1502
5128
3555
4219
2011
4824
3504
3269
5136
5589
3946
6
2980
2487
678
1943
4160
5866
3793
4886
4180
2607
6234
5862
1064
2894
4168
2242
1474
5985
1889
3936
2021
5009
4536
2658
2467
4979
1130
1461
4596
5770
3773
3715
2968
222
5909
48
573
1236
4842
3033
6181
5724
2282
4803
267
1104
2305
5008
1935
386
1701
1628
3647
2714
3414
5570
1563
2760
4077
209
909
1289
5783
1866
1842
2497
5213
104
958
1793
2088
2702
331
3800
5282
5576
2459
1774
6080
3832
5505
3680
5171
3878
4516
2897
3217
1710
4861
2478
5572
1366
173
858
4690
3312
5551
3895
1952
3651
3821
2036
4990
5698
4669
18
0
2174
1356
4738
3626
2826
4295
396
5605
3112
3807
5035
1812
4103
4617
816
1572
4410
1800
2280
2429
5037
4254
4813
3745
5495
5002
3935
5036
5280
4453
6039
554
1159
1213
3573
1325
6185
3817
700
2700
4560
1847
4844
2796
1455
5332
4257
4323
866
4866
1644
2140
4304
3927
1490
3524
729
4220
3989
2620
1936
3621
1110
5174
5695
2998
2394
1185
2007
193
1515
5091
578
2123
1429
771
4078
2395
6316
1846
131
178
5690
1811
4066
2580
4112
5522
2652
4157
2073
658
1896
4680
2606
2221
6033
2379
1447
342
4101
5613
2527
727
5012
976
3297
4421
1928
6133
4152
6213
6123
1299
4661
6248
660
1790
5986
6007
493
3552
4475
3550
5921
5868
5394
1085
6016
5837
694
1278
3198
5777
1621
2561
4448
4310
67
1731
3442
2269
4481
5884
5015
820
1226
1677
5324
2867
4644
2367
3992
4239
2512
4941
2723
5678
5420
4705
1143
397
5873
3463
786
5458
4252
1398
1659
5230
4620
3134
2220
979
2331
1298
3671
4196
6044
82
3539
5825
5464
5704
5011
3705
2903
423
5513
1904
5780
1530
4515
1565
4708
2749
839
500
3731
141
5260
2605
3997
1377
5609
6254
2266
3322
3984
1138
2257
5557
844
1787
5003
550
459
2019
3947
948
3667
3563
532
3262
4217
1829
4369
5622
5069
6258
1602
2238
639
6158
967
5381
123
1683
2248
4386
5694
3785
155
2295
4354
4318
1089
6299
2319
2940
5386
288
930
2909
4084
4943
2884
4174
3669
3247
5785
3000
4722
5524
6288
942
2354
5059
6197
5942
1698
5999
4398
4040
4294
4490
5804
985
1821
3547
3608
6086
981
5219
3717
6058
3922
4563
6125
1473
4830
3885
3824
5839
1457
1395
264
2748
3867
2692
4025
4048
929
4483
3685
2400
2178
4594
246
1594
1758
6203
6372
923
4667
4703
268
669
4235
1910
5067
4427
1152
5852
5228
6136
5501
2696
2591
5835
1781
2413
3013
5563
2307
5427
687
1915
5998
612
3071
3880
3200
2267
6115
2533
39
1898
1649
3956
258
2924
2434
847
2822
5930
3339
3525
5399
4399
4125
1233
1127
3977
1967
558
904
2614
3143
484
2211
1320
5065
2555
7
2315
6328
4652
5579
5594
1450
1201
2426
2648
1814
5212
2726
773
2274
1011
4299
3168
3950
1991
1277
1783
4518
446
880
4333
5681
2727
3048
5110
781
2651
6194
1749
2126
2260
2791
2423
6225
5490
883
3825
1091
4609
4384
531
4991
2438
5165
4685
2608
5220
2290
1727
610
570
1979
1317
343
587
4965
636
434
1903
3215
97
4545
3904
4962
6073
2069
1537
3588
4347
4393
5066
3789
1517
965
5602
528
176
2470
6264
2090
3001
5452
3425
572
3720
592
5286
3062
3970
2374
3064
5979
4600
4960
4939
2208
4119
2492
4248
383
852
1880
370
3831
5210
5528
5493
6335
3652
1105
2068
2361
5121
1336
2189
5848
5741
4920
2246
4377
6177
1171
3274
6113
2001
1422
2686
5715
3590
3784
4173
5285
3604
1464
874
2297
2643
5787
5514
1251
3792
840
5879
581
204
1641
2014
3253
3864
905
631
4507
4981
1974
162
5973
4335
5723
4534
617
875
1431
2973
4406
547
4693
6150
5362
3614
4988
4365
3435
1851
6110
5196
2856
1861
2659
3384
5851
640
5487
1009
3366
6367
637
3331
5207
3653
4781
2308
4428
3145
6228
2096
4004
1956
1372
5890
921
5826
546
1449
2804
2610
1900
2757
2028
5178
2301
1885
6166
1642
972
6128
2097
5533
4857
5722
6336
836
3471
601
2184
5668
6292
5469
1582
5417
4082
2010
1070
1775
6127
1283
5299
4648
6056
1836
5388
1019
970
1326
6302
475
2810
4772
1651
5917
5438
2528
1206
4783
182
1373
739
5271
6107
3939
5635
867
2974
1140
997
1337
541
1099
1132
6182
6143
2258
5143
3390
2962
59
3259
2206
1938
4129
5371
6298
3869
2813
5515
5057
1078
4810
5850
6096
3799
3586
4538
5189
5415
2630
5099
4017
6278
940
1080
187
1795
4391
2085
2249
2452
6238
2023
4409
1492
3813
4885
4327
226
1013
2583
1929
4478
5717
1404
4463
2179
697
1124
3282
1093
4370
3806
1778
2634
3091
5422
4786
3489
1656
1037
5306
2256
5887
6304
313
2649
2281
4147
4554
2547
1416
1036
2159
2984
3137
5737
1754
4527
4296
1428
4510
2520
4076
873
4701
4764
1506
5975
1923
448
3942
4074
6338
2176
3655
3727
3257
361
2183
1134
5130
3199
5074
3438
2155
1830
1053
2460
22
2066
1653
702
4599
2743
1376
5176
2468
3754
2325
460
1067
87
1430
1486
3678
4687
282
2483
462
212
2588
4031
3537
3852
4461
2907
2581
1368
234
4262
597
5965
2250
5938
2283
662
6332
2285
3431
6008
4588
5700
4144
5816
3468
4817
3601
2990
5666
779
2544
4727
4586
5195
4657
5849
3988
5242
6162
685
4355
6266
3243
1748
2003
4925
2837
3697
3032
2171
4184
1850
487
1688
2230
3473
6022
2320
782
521
522
4316
2939
4970
6275
5123
2398
2207
4796
780
4977
4303
1511
1882
651
4743
2196
1801
369
5559
6342
118
377
216
2216
4839
1613
2883
4562
5716
3632
962
6373
2510
5981
4845
4905
359
3839
4247
1246
3408
4961
2415
5927
3694
5378
2185
4302
2567
3423
2037
5412
772
1284
5858
3562
6034
2587
5824
1414
1234
398
435
1674
3299
365
4172
4416
231
5418
147
5593
3088
5020
3554
407
5885
3456
3576
3271
1031
4162
855
3926
78
2247
4710
5818
5861
4367
788
2279
4095
3897
4140
5289
3631
4761
424
392
4747
6227
2672
5829
4292
3493
1459
4587
5050
3835
5149
6072
2355
2442
4950
464
163
5507
6112
6323
2009
3084
900
5763
2293
3716
5284
1764
1549
3029
4800
2044
767
1508
6200
5292
4159
3292
819
1403
1382
2148
1638
6134
399
882
3565
1179
4334
2130
456
1950
689
5095
1953
2710
5479
5523
1884
4787
2494
3036
3603
845
542
3724
4187
3679
5208
5568
2964
2529
1048
1960
2530
4765
237
1133
5269
5502
4775
2978
5154
3919
3138
5682
4073
5468
3229
1826
593
2725
4137
560
4986
243
4402
405
1442
261
5811
1689
1725
2496
4269
340
5483
1601
3725
6315
2785
1523
4740
5652
5907
1766
4037
5030
5159
5960
363
6308
5775
5075
5886
2562
4440
5844
3083
5870
2102
632
2493
2665
4606
4672
4512
2334
4876
3619
3883
4314
4211
1494
2401
3874
1232
2661
2817
5821
5055
4153
4741
3061
5441
6309
1735
2823
4850
4359
2475
2564
5363
4922
707
3046
5432
4856
72
5963
1190
2601
1125
1241
5707
5255
3351
4008
1577
3906
3729
1343
6361
440
1100
2637
4480
649
1546
4837
4855
2852
3503
5453
630
1249
4348
482
1584
1462
3040
4894
3273
3683
4145
4479
3225
1072
2631
1660
2425
5369
3097
3976
5701
6053
4522
5046
1408
1845
1798
3957
1475
35
444
2359
3654
3179
1286
4717
3416
2137
2636
4016
6161
1681
4628
1692
4695
5071
3635
372
4888
140
5939
5234
714
3188
5623
4449
406
20
1004
2411
2545
2390
5117
42
2830
3371
3022
3364
11
1177
1947
2501
2863
3865
1026
3848
2989
961
2889
3015
3338
6054
735
1440
2875
3986
916
5314
4089
5888
4975
2772
1624
5048
821
1367
3712
5725
850
1000
4731
4114
1637
1667
3173
5103
1347
6269
3230
4472
4890
3232
5209
703
5076
3291
3673
2408
1327
5935
5221
5321
986
5781
5476
5275
4049
3485
2474
3873
1198
4181
1518
1799
1014
128
1364
5146
891
2793
5347
4403
6075
5460
3249
1208
3868
5719
4065
5446
1239
2289
2740
275
1035
1229
1008
3828
2532
4293
1058
4724
281
1043
1316
968
2381
5082
1939
4567
1274
619
4622
1742
1390
5185
1579
1655
3568
2352
2212
6341
3178
3192
1307
575
2360
1280
5181
5272
1993
2639
269
629
4716
3081
3466
5558
4396
4023
2046
4356
5093
2113
27
2040
3928
5760
3216
3814
129
5560
6262
13
5461
4476
1525
2365
3052
4005
2340
374
4640
5472
939
6105
2147
3591
5784
5355
3623
529
3714
1269
4281
1394
4009
4390
1797
2979
1441
4760
6216
3811
1273
1712
955
4714
5090
5631
403
2071
6059
1977
158
3888
902
352
4540
4130
754
2971
6348
2920
311
661
1989
3665
306
2335
2356
3702
3804
1927
3427
749
3638
4631
1266
5084
5629
3595
2134
4109
514
5696
409
5380
6353
6305
5517
207
458
2054
2430
250
5436
1107
5166
1713
3911
715
552
1439
2270
3144
6090
1925
634
316
5988
427
4725
105
3041
4238
2169
1709
89
2241
3174
5952
1949
4044
2848
1
4337
935
5451
2720
591
4774
2936
2448
1576
5317
213
778
3496
4995
2043
5779
1567
165
3566
4872
6064
2013
273
3860
4167
5153
3788
394
583
6358
5911
6100
520
1763
1875
3965
3344
2253
3224
526
2946
4473
3899
692
6028
4444
3633
1050
590
519
3380
3676
6274
1607
3610
6087
1809
791
792
5238
1855
1980
3233
3598
933
3963
4733
5920
4179
4026
4116
988
5277
3453
5820
3778
5343
3093
3155
3201
5139
1098
5291
2844
886
6293
4938
515
5882
1453
3553
3609
4665
2506
2994
3999
6043
906
28
2507
2428
762
3747
284
686
2353
5125
5471
21
2752
885
917
1040
1265
4579
6048
277
2084
1245
2382
571
1435
3902
1247
4681
3526
2514
1007
4543
5516
2064
5027
1690
5497
1985
294
1547
2012
588
3329
2403
2129
3998
6189
3741
3508
2719
4521
5803
5810
556
2469
3738
4286
5243
1716
2604
6047
1704
2139
3239
2383
4311
1285
5421
5692
3930
4815
1591
5641
2162
2396
317
5718
3111
5089
4036
795
3020
1711
3387
36
4549
913
3972
4133
974
983
5199
1418
1560
4135
5078
4265
1355
6046
987
2682
1640
1290
3681
1380
1933
4675
5359
3160
2030
892
4069
4255
2
2109
849
2737
2466
1914
1596
1913
6005
2736
726
53
1796
3845
2553
2800
936
5252
824
4321
3401
1389
3564
884
4867
1868
10
3415
1463
806
5192
5119
4068
2108
5377
6322
2234
963
4494
2632
704
431
4388
145
2033
5344
1165
3500
2050
3760
2624
4484
4435
6267
4935
4361
2424
1262
1771
3511
271
4792
6351
244
6186
4572
2032
5217
813
3810
6153
1804
5865
4346
2461
545
3241
738
310
3521
1131
6281
4111
2769
920
3587
3959
38
4459
4278
2983
6363
2667
3223
1182
614
6263
1466
4497
3042
934
2419
5749
5160
4822
826
1521
2930
4232
628
4430
3853
390
4345
6218
3990
400
4806
5482
3359
46
6116
6284
3642
3726
6190
2421
1750
6331
5216
4062
338
215
3663
1341
5828
3894
3640
329
3004
6091
3115
6167
2322
4197
3549
1458
171
4203
5333
3569
4226
5194
5247
938
60
1240
5322
2120
1524
153
481
4460
3920
1762
750
1785
4501
4853
2711
6210
4193
1333
5669
2854
186
1136
2058
5335
148
4124
4889
3363
4788
2866
3776
1386
6025
5270
3629
5733
4797
3028
2969
5532
1708
2953
454
609
4263
4826
5396
2074
4052
5914
1622
4683
5577
40
2089
3924
2175
74
5096
6291
2657
3180
2076
441
2051
2541
1301
3430
1304
236
5307
2599
4616
2573
3280
3186
3953
2768
4831
4223
2106
2679
2761
4688
1387
5983
5766
5000
1279
5684
6251
1555
5761
3190
4566
4802
5978
4841
3594
1920
513
4177
1308
914
3452
3695
4242
3156
2198
774
4425
943
822
5005
4277
164
4547
3983
2538
6084
1311
5792
5309
6217
3300
3310
327
2490
5971
4408
832
3079
3462
6368
54
4064
3451
1901
1481
4873
4895
4150
3335
4926
946
3293
2161
5083
5391
3057
768
5993
3495
285
6301
4524
5665
2332
2717
2079
3389
722
951
5547
2262
989
3212
1759
5229
4422
1724
341
3701
4243
688
3432
4944
966
6020
2203
2713
4757
5098
5608
5830
3572
4805
1990
4120
4759
5224
5562
4971
6040
5034
3600
5815
6349
6154
385
5553
5817
536
5945
5032
4212
3507
201
1332
3502
2708
5031
4662
4021
1854
5693
2872
3030
1205
1645
3417
3476
2861
1792
3797
3368
3367
3533
5585
5109
3449
603
3056
5537
126
3876
2935
4451
3531
2730
827
1639
984
3281
6340
2188
5875
2443
362
2349
345
814
4807
3205
5290
6111
3325
4106
2116
1834
793
6329
2674
94
4225
3756
2891
2371
6280
5642
3228
5677
2853
5900
2912
1865
4612
1857
2645
2243
2336
950
3068
1120
2597
2204
419
922
1254
477
2035
1202
2626
6137
1970
3110
4018
2151
3687
4916
1997
4033
6255
3054
1248
2192
2712
992
2190
4670
5142
3762
3597
4711
1318
1863
2343
2449
2136
1065
6326
4227
2621
77
2898
4820
1314
5556
872
3850
6099
2965
3391
2560
6246
2635
5256
3530
375
1908
4429
5506
5582
4027
1604
1118
3677
3490
6202
2958
1994
6321
6188
2376
1342
320
1619
3713
5833
2060
2219
1673
260
5621
2039
4785
901
3744
2026
4234
1917
1828
1573
4415
4749
5586
4654
4208
4627
224
723
5713
1141
2762
846
4289
5042
2551
2928
117
645
3
4170
467
5
5342
919
2595
4324
1063
2590
242
5538
1160
2870
3735
2397
3517
3421
2563
1605
6149
2324
2709
6071
1312
3448
3812
5928
2362
1975
3514
1761
5401
2739
5936
2472
4007
4718
1493
4206
2158
1169
5753
232
66
1603
3283
3596
4632
125
5350
1296
1976
5754
5708
2075
4580
6021
3086
5520
3345
5688
2797
918
1646
5122
5126
4978
5431
4621
364
3287
2125
4123
4569
525
4821
55
638
302
2766
1276
4720
2055
5376
5145
4432
3644
4143
2878
4202
5175
2286
2261
5240
2296
1753
5197
1968
5526
3117
2393
523
3900
5941
4699
5617
3122
4156
1969
671
4188
666
5735
1887
3266
280
1719
2947
4455
899
6180
760
1906
4042
3823
4138
3818
4300
2593
4164
3031
3579
2832
5449
3472
137
4892
2180
2128
3177
4854
4637
5115
5548
4261
4344
1331
2017
4542
2482
1358
1329
6283
2150
4530
2122
4673
3981
1252
3278
3374
2814
4719
1848
4858
3037
388
235
1077
1984
4363
3962
770
2165
4533
673
249
1574
3419
2081
1823
5897
6098
4544
5565
716
5679
5948
2048
5264
4178
4809
2724
5758
1460
1668
2756
2000
4571
4613
404
384
5720
2152
1633
5840
5580
4784
3925
5336
4158
4948
5358
223
2193
3136
4469
1824
6157
5124
4972
797
2871
9
1944
1838
4804
255
4485
5740
1581
2956
924
5639
2508
5024
5320
3775
4835
4136
4964
2779
539
2745
6178
5819
5467
1145
5127
4468
667
3019
357
5063
2831
2783
1353
5131
470
2703
3330
3637
1396
3584
5714
5262
5645
3376
1256
3512
5651
1250
5348
6126
4298
3284
2933
4175
5268
4910
1852
5962
6208
2105
133
5236
5029
928
823
5788
1531
1214
504
4285
1996
3072
1958
1384
894
4924
455
5905
3709
5880
4849
4748
4268
3522
4134
3602
713
4186
2214
5301
2923
1810
3486
3141
1827
1155
1324
4312
510
1680
499
5778
1856
1388
5615
3719
2386
5541
3236
1540
1217
2681
2993
5512
1191
5293
1542
3301
3324
2539
953
4846
4330
732
6370
1156
5904
3294
2982
5305
5161
2156
1062
2616
1167
3222
3636
5588
2938
4491
3140
4980
143
6317
3577
4946
2782
717
1819
2502
4360
4171
395
5731
6163
4492
1365
5805
595
3952
5392
4968
2914
2326
5644
3766
3440
3851
4132
5845
2143
5877
5073
1571
4079
1122
2786
2967
2504
3465
675
2808
3348
728
412
3146
1516
5745
825
3267
3974
616
114
417
3069
1625
6314
4185
2896
5951
2082
753
2546
3969
3373
5726
4107
2444
4380
1066
3913
5287
5536
5387
5732
3498
2738
5052
4000
1568
2427
3746
5908
1687
851
3546
895
4592
335
2839
3087
4611
1348
1015
2816
1631
2489
3730
3251
5902
2070
4452
6226
5408
1635
4646
2479
2265
2959
5323
6026
3059
5053
5869
2141
5104
3118
5188
6018
4045
3356
2744
5092
3506
1679
4249
3147
2294
580
1470
4799
4070
5308
3343
4992
4583
3672
559
5237
5215
2849
512
4729
1081
1664
1012
1931
1150
2838
116
740
6124
5177
3675
5906
830
119
4752
6088
6036
6303
635
4465
4364
4142
991
876
4869
5315
5222
4
3051
5691
3124
2660
2491
5173
3854
4933
4777
1715
1148
3261
574
3769
3736
4146
853
1982
2774
5919
4929
5211
1166
971
2701
4495
3847
2368
4115
4780
4131
2950
5625
524
2455
5016
1841
537
2806
5801
5596
4341
3175
784
4057
1409
2537
154
3009
1686
2901
6313
4721
3863
2733
1895
5442
569
5854
1816
2065
127
3394
3327
6355
2975
980
2300
190
1139
5088
699
6089
606
4276
301
3420
6139
1060
6192
2565
6366
1069
2524
2205
1243
16
3120
6357
4642
4754
815
3067
6094
5600
959
4893
225
3354
5895
2485
562
3436
1693
1045
3446
4565
954
6354
2735
6256
4735
6142
1218
5254
5511
6066
1527
3987
6294
1300
6239
5699
160
4067
5800
956
3791
3234
2869
3777
4433
4973
6015
2961
5980
2200
98
6201
2557
3183
253
3923
4199
1445
5539
1648
4682
4723
3991
1696
3191
4499
1154
2255
1682
3170
2056
4090
6221
3108
4548
3723
5423
2049
4976
3643
6289
623
5883
262
5730
3369
4061
5534
6065
1802
4736
6364
2385
5759
1959
2976
488
1843
1734
2911
3219
146
5630
1986
1369
6051
2811
659
1794
2511
3397
4282
1147
3272
608
3582
1930
197
2931
2327
4389
766
4496
4218
3255
202
3510
4931
5535
1733
5791
2777
1707
5172
5249
5757
3474
5855
854
5685
4737
4097
2160
698
6311
2999
3696
1636
3457
3581
1291
4659
5616
1853
5232
3763
3304
6271
5727
3743
3445
1998
663
4779
5353
3748
4413
4744
5530
5575
709
1282
5864
5068
2675
4029
1306
5496
5504
2237
3302
5592
2038
1529
1663
5450
6296
6319
3627
5739
5147
4891
2693
3060
1597
2729
2625
5915
3157
3314
1722
5279
1059
4636
3242
1678
1757
6019
4191
5116
563
2790
863
1484
5977
5134
206
4488
870
4493
502
1028
3840
2690
5581
5056
1570
2773
5991
2731
6242
804
5847
3645
2454
4598
3104
4875
5959
200
3099
6184
2278
3561
5892
4474
4514
5794
391
5618
5258
1495
2695
2027
5248
5463
2568
64
3884
2062
5276
492
379
4859
3993
4887
1076
878
337
1016
1275
3798
4551
3342
4911
995
1981
4297
161
5675
4798
1500
3843
5225
2613
3461
1021
3073
3943
1585
1955
3152
34
4014
775
2556
1478
5486
6235
1363
2612
2824
2041
241
2061
2363
600
2435
5393
6310
2888
6164
646
3890
3556
3202
1528
1267
1899
4658
3005
2734
189
1806
975
2747
2047
2558
1082
474
2904
4843
4117
3385
4555
1184
5051
5311
2433
5611
2391
769
1685
130
2919
3171
3444
6231
5578
4426
5334
466
6265
5734
3092
3772
5191
5226
5390
860